pk_event_dim
9291
9294
9307
9329
9330
23295
23296
23297
23298
23299
23300
23307
23308
23309
23310
23311
23312
23313
23314
23315
23316
23317
23318
23319
23320
23321
23322
23323
23324
23325
23326
23327
23328
258874
258875
333611
333612
333613
333614
333615
333676
333783
333784
333785
135776
135806
142564
142565
280232
308512
308513
308514
308515
172956
172957
172958
172959
194464
202224
323940
141539
215797
230231
256205
256206
256207
256208
256209
256210
262384
345094
345095
345096
345097
345219
345220
165621
165622
165623
165624
165625
173358
360832
360833
360834
360835
360836
138492
138493
138494
138495
338303
81189
81190
81191
81192
81193
81194
81195
171002
171003
171004
171005
171063
192653
192725
192726
192763
192764
192765
192766
192832
192925
279803
279804
279805
279806
279807
279808
321174
353160
353161
353162
353163
353164
353165
256979
256980
256981
256982
256983
256984
279302
279303
279304
279305
279306
279307
321498
321499
321500
321501
321502
158646
158647
158648
158649
158650
158651
188423
188424
188425
188426
188497
188498
188499
188500
188501
188502
188503
188504
188505
188506
188507
188508
188550
188551
188552
188554
188693
188694
188725
195421
195471
195472
195473
195474
195522
195523
195524
9416
9417
9418
9419
140018
85801
85802
135807
136102
136103
136104
136122
136123
136124
136125
136172
136173
136174
136175
323262
323309
323310
323311
323346
323347
323348
333786
36196
124587
124588
124589
124590
124591
124592
159414
159415
159524
159525
159526
159527
159528
159529
216782
239598
239599
239600
239601
239602
306279
345474
345475
345476
345477
372514
138770
217243
217244
217245
217246
217247
217133
217134
217135
217136
217169
217170
217171
217172
217173
217174
125208
125209
125210
125211
125212
125213
139069
139070
139071
139072
139073
196561
322568
352379
