pk_event_dim
55324
55328
55332
55333
55334
55335
55336
55337
370187
122939
267569
346704
111495
81104
137008
353389
122938
353390
353662
188321
274019
66083
100824
127989
170581
279076
305832
341116
341117
341118
341119
341169
341170
124306
145777
217248
309892
345086
345087
345194
139675
80533
80534
80655
80656
134461
269033
269106
310598
310599
316999
317000
39546
39547
214159
214161
214162
214271
214272
83097
83098
214551
214562
269683
269882
276679
276731
36203
36392
36395
111824
111826
111827
175108
269030
269031
269032
309093
336426
345875
345876
5052
5053
220489
267917
267918
267919
13712
13749
13750
66250
269957
317610
100716
100717
161065
115553
115566
129011
277887
311493
311560
102806
