pk_event_dim
73156
73157
73158
73159
73160
73161
73162
73163
73164
73165
73166
73167
42176
42177
42178
226
227
228
229
43068
43078
26941
26942
26943
26944
26945
26946
26947
26948
26949
26950
26951
26952
68030
68031
68032
15906
15917
160507
345211
345212
345213
345214
345215
345216
345217
345218
345221
345222
345223
345224
367749
367750
367751
367752
367753
367754
367755
367756
367758
367759
367760
367761
24029
24030
24031
24032
24033
86473
86474
86475
86476
86477
86478
86479
86480
86481
86482
86483
86507
86508
86509
86510
86511
86512
86513
86514
86515
86516
317325
86517
86541
86542
73284
73285
73286
73287
73288
73289
73290
73291
73292
73293
73294
73295
73296
73297
73298
73299
73329
73330
73331
73332
73333
73334
73335
73336
73337
73338
73339
73340
73341
73342
73343
73344
73345
135549
135550
135670
73393
73394
73395
73396
73397
73398
73399
73400
73401
73402
73403
73404
73405
73432
73433
73434
68195
68196
68197
37812
270014
270016
270017
270020
270022
270023
270025
270026
270028
270029
270031
270034
270037
270039
270040
270043
270092
270093
270094
273327
316091
316130
316178
316179
316180
316181
316182
316183
316184
316185
316186
316187
316188
316189
316190
316191
316192
316193
316194
316195
341554
341630
341631
341632
341633
341634
341635
341636
341637
341638
341639
341640
341641
341642
341643
341644
341645
317203
317204
317205
317206
317207
317208
317209
317210
317211
317212
317317
317318
317319
317320
317321
106663
106664
106665
106666
106667
106668
344986
344987
344988
344989
344990
344991
344992
344993
344994
341804
341805
341806
341807
341808
270095
270096
270097
270098
270099
270100
270101
270102
270103
270104
270105
270106
270144
270145
270146
317201
317202
74786
74787
74788
74789
74790
74791
74792
79832
79833
79834
79835
79836
79837
79838
79868
79869
79870
79871
79872
79873
79874
79875
79916
79917
79918
79919
79920
79921
79922
79923
118879
118880
118881
118882
118883
118884
118895
118896
118897
118898
118899
118900
106679
106680
106681
106682
106683
106684
370225
370226
370227
370228
341848
341849
341850
341851
341852
341853
341854
341855
341957
341958
370286
370287
370288
370289
75156
75157
75158
75159
75161
75162
75163
75164
274042
274043
274044
274045
274046
274047
274048
274049
274050
274051
145850
145851
145852
145853
145854
145855
145856
344531
344532
344533
344534
344535
344536
344537
344538
344539
344540
344541
81299
81300
81364
81365
81366
81367
27638
27639
27640
