pk_event_dim
15894
15903
15914
367451
367452
367453
367454
367455
367456
367457
367458
367459
367460
367461
367462
367463
367464
367465
367466
367467
367468
367469
367470
367471
367472
367473
202781
202782
202783
202784
202785
202786
202836
202837
233867
233868
345022
345023
345024
345025
345026
345027
345028
345029
345030
345031
345032
345033
345034
345035
345036
345037
345038
345039
345040
345041
345042
345043
345044
232702
232703
232704
232705
232706
232707
