pk_event_dim
73278
73349
73640
44677
44911
81674
71361
71379
71396
71414
71432
73249
73307
68379
44499
44831
71369
71388
71406
71422
71440
73200
73252
73327
73581
44618
44854
71372
71391
71409
71425
73227
266
73253
73328
73586
44624
44903
71373
71392
71410
71426
73228
267
73254
73346
73606
360752
44625
44904
71358
71374
71393
71411
71429
343
73256
73347
73610
44626
44905
71359
71375
71394
71412
71430
344
73257
73348
73611
44676
44910
71360
71376
71395
71413
71431
345
73279
73350
73672
44678
44922
71362
71380
71399
71415
71433
350
73281
68305
44693
71364
71382
71401
71417
71435
73153
369357
73247
73304
68332
44828
71367
71386
71404
71420
71438
73198
371
73246
73283
68328
44826
71366
71385
71403
71419
71437
73197
370
73248
73306
68349
44830
71368
71387
71405
71421
71439
73199
372
73250
73554
44506
44850
71370
71389
71407
71423
73201
169
73282
68309
44698
71365
71383
71402
71418
71436
73154
369
79975
73251
73326
73562
44613
44853
71371
71390
71408
71424
73226
171
349
325188
310066
279937
270962
256933
230328
229194
174559
325184
305401
279934
267407
253113
229505
213198
143596
117855
370332
73280
73677
44679
71363
71381
71400
71416
71434
369355
351
347797
328566
367415
321183
286478
274639
256976
249203
229200
205069
132681
84400
160677
94944
122930
309889
328567
95525
94338
214565
129233
274640
369356
332080
321262
286481
276285
267403
249206
229501
205390
137880
106276
328568
367416
321184
286479
275455
256977
249204
229201
205388
134698
87993
42210
341804
324309
305400
279933
267406
249692
229504
210636
143595
107210
325189
321098
279938
271801
256934
230329
229195
174603
122876
180136
305370
279932
267405
249208
229503
205392
143594
106279
278372
375
328569
369354
321185
286480
275534
256978
249205
229202
205389
137373
328564
321101
286476
273785
256974
238824
229198
174606
132679
215525
79889
325734
321100
286475
273441
256936
230331
229197
174605
132678
369358
332654
323211
304903
278729
267404
249207
229502
205391
143504
106278
325733
321099
286474
272518
256935
230330
229196
174604
132576
204425
268257
79993
328565
367223
321182
286477
274262
256975
245249
229199
183113
132680
277060
215718
106996
335474
333204
318355
318504
178939
276286
277062
247352
137818
94940
309723
87823
334180
367271
180115
341807
325185
305402
279935
267408
256931
230326
214850
143597
117856
144343
268256
181088
106990
347415
366867
98574
264103
87617
129237
325186
310065
279936
267772
256932
230327
215830
143598
117857
151606
95551
277061
215719
137709
309722
334179
155224
332081
178940
277063
253175
137819
94941
309758
95479
367863
278732
160678
94945
318845
346514
95526
332719
253115
117216
129234
204431
308695
304999
197285
172888
316008
109082
369009
318439
204430
316422
105785
197281
144885
331808
107524
368929
279437
229846
180049
266775
180803
106971
335410
366866
95528
122896
129236
255536
172949
304998
197284
172887
268864
278051
109081
311311
229849
117322
254704
137820
94942
309759
95523
278733
181199
105783
334194
229056
197264
144883
114309
214500
98374
215650
106995
335473
214557
174686
132665
309095
132666
309096
248586
311273
94840
304996
264140
229051
144879
113935
94839
305057
264139
229050
144878
113934
324510
278730
314079
94841
333328
264141
229052
144880
113936
338825
160925
105782
334193
265302
229055
197263
144882
114308
285665
160487
370331
254705
160595
94943
325187
95524
367757
129166
183118
181089
106991
365636
323101
264104
87618
129238
308742
146915
94835
181435
105784
334195
274656
229059
197265
331574
268422
197280
305000
197641
172889
94373
316009
180096
109083
369010
318756
265267
238925
304995
197282
172866
277410
109079
368930
279438
229847
215649
106994
335472
368111
95432
87966
132664
308790
308753
205277
94838
229058
305056
264138
228789
173810
113933
322585
335098
278731
160881
105392
334192
264142
229053
144881
113937
106993
335097
368110
369359
95431
183103
87965
350272
308789
285692
181314
106992
368109
95430
129239
85083
308743
160831
94837
229054
305055
228738
172950
135581
113932
316421
94836
197386
305054
197642
172890
113931
316196
117227
136024
95226
331644
205103
106220
279318
94315
331643
106219
338586
279317
122322
331641
265491
98643
279315
146279
95232
205104
106221
339070
279319
160742
94946
333074
366865
95527
253174
117217
129235
249243
360809
304997
197283
172886
268857
109080
368931
279439
229848
106338
349043
279436
205107
107083
249797
98373
347489
205105
106222
341473
349016
205106
106223
344657
320736
117320
249646
240480
117319
348953
285796
239805
267298
117321
264011
346784
371239
346332
264013
368932
132661
95229
371241
264015
279312
94302
331642
265492
98644
106359
122338
264012
279316
117730
331640
265490
132663
95231
264017
279314
122142
371240
264014
279311
229850
318842
265489
132662
95230
264016
279313
