pk_event_dim
1594
1595
1596
1597
1598
1599
1600
1601
1602
1603
172804
1623
1625
1626
1627
1628
1630
1631
1632
1633
1635
1637
1639
1642
1643
1649
1650
1651
1652
1653
1654
1656
1657
1658
1659
5363
5364
5365
5366
5367
5368
5369
5370
5371
5372
5373
5374
5375
5376
5377
5378
5379
5380
5381
5382
5383
5384
5385
5386
5387
5388
5389
5390
5391
5392
5393
5394
5395
5396
5397
8577
8594
8617
8619
8621
8623
8625
8638
8653
8660
8665
8669
8670
8673
8675
8691
8696
8699
8703
8707
8709
8710
8713
8732
8733
8734
8740
8741
8743
8744
8745
8766
8767
8769
8770
8772
8774
8777
8778
8793
8794
8795
8797
8799
8801
8803
8804
8813
8814
8815
8817
8821
8823
8385
8578
260063
21831
21832
21833
21835
21837
21838
21841
21843
21850
21852
21854
21855
21859
21862
21863
21866
21867
21869
21877
21938
21940
21941
21943
21946
21952
21957
21974
21975
21976
21984
21987
21988
1661
1662
1663
30284
30285
30286
30287
30288
30289
30290
30291
30292
30295
30296
30297
30298
30299
30300
30301
30302
30303
30304
30305
30306
30307
30308
30309
30310
30311
30312
30313
30314
30315
30316
30317
30318
42503
42507
48941
48942
48943
48944
48960
48974
48991
49081
49082
49083
49084
49085
49086
49091
49092
49093
49094
49095
49096
49097
49098
49099
59986
59989
65620
65621
65622
65623
65624
65626
65627
65628
65629
65630
65631
65632
65633
65634
65635
65636
65637
65638
65639
65640
65641
65642
65643
65644
65645
65646
65647
65648
65649
65650
65651
65652
65653
65654
65655
65656
65657
65658
65659
65660
65661
65662
65663
65664
65665
65666
65667
65668
65669
65670
65671
65672
65673
65674
65675
65676
65677
65678
65679
65680
65681
65682
65683
65684
65685
65686
65687
65688
65689
65690
65691
65692
65693
65694
65695
65696
65697
65698
65699
65700
65701
65702
65703
65704
65705
65706
65707
65708
65709
65710
65711
65712
65713
65714
65715
65716
65717
65718
65719
65720
65721
65722
65723
65724
65725
65726
65727
65728
65729
65730
66134
66138
66141
66229
66235
66236
66244
66246
66261
66264
66300
65731
65732
65733
65734
65735
65736
65737
65738
65739
65740
65741
65742
65743
65744
65745
65746
65747
65748
65749
65750
65751
65752
65753
65754
65755
65756
65757
65758
65759
65760
65761
65762
65763
65764
65765
65766
8826
41798
41839
41840
41841
22350
22351
22352
22354
69680
69703
69704
69705
69706
69708
76249
76250
76251
76252
76253
76254
76255
76256
76257
76258
76259
76260
76261
76262
76263
76264
76265
76266
76267
76268
76269
76270
76271
76272
76273
76274
76275
76276
76277
76278
76279
76280
76281
76282
76283
76284
76285
76286
65767
65768
65769
65770
65771
65772
66056
66067
66068
76287
76288
76289
76290
76291
76292
76293
76294
76295
76296
76297
69710
69721
69722
69723
69724
69725
80914
80915
80918
80919
21994
21995
21998
22005
22008
48939
48940
55715
72676
87977
87978
87979
80920
80921
80922
80925
80926
80927
80928
80929
80930
80931
80932
80933
49102
75557
75564
85655
85861
90142
90143
90144
90145
90146
90147
80934
80935
80936
80937
80938
80939
80940
80941
80942
80943
80944
80945
84449
90572
90573
90574
90575
90576
90577
90613
90614
90615
84766
85035
91585
91590
91600
91625
91626
91627
91628
91629
91630
66077
66079
66094
66097
83139
83176
83196
83224
88712
88830
88871
95481
91822
91823
91910
91915
91925
92069
97644
87980
87981
87982
87983
87984
87985
87994
87995
87996
87997
98740
75547
75548
95958
95959
96004
96005
96058
96063
96192
100773
100774
5025
5027
5041
5046
5069
5071
5114
94821
94822
99412
99544
18405
26426
71124
71134
85360
97228
97349
97350
97399
97543
76298
76299
76300
94964
94965
94966
95170
95197
99183
99213
99214
5398
5399
5400
5401
5402
5403
5404
5405
5406
86278
100124
92701
92702
92703
92704
92705
105051
90148
90153
90154
90155
101536
95482
95484
95573
95718
95741
95742
108978
109005
109006
109007
109072
77024
92552
92553
103040
103041
103302
107760
107895
107896
107897
99215
99216
99217
99218
99219
99220
99221
99238
99239
99240
99241
100775
100776
100777
100778
100779
100780
100781
100782
100783
100784
101112
97645
113134
113135
113136
113137
113138
113139
113140
113141
113142
66304
66307
74224
74243
74244
97105
101740
105776
109494
109643
112746
99779
99780
99781
99782
99783
99784
99790
99791
99792
99793
99794
111865
111894
115575
115650
115651
115652
115653
115654
38038
91159
102820
102880
102997
116492
116562
116563
90616
90617
90618
107978
107979
107980
107981
107982
117482
117483
105156
105157
105158
105159
105160
105161
119504
119509
119652
119655
91631
91632
91726
91736
107392
113627
115784
115786
115787
115906
120931
114837
120030
129016
129017
129018
129042
129043
129044
129045
129046
113143
113144
113145
113146
122891
122892
122893
122894
124862
128949
107898
107899
107915
107916
107917
107918
107932
107976
107977
129432
129562
112747
112748
112749
112750
112751
112752
112753
112757
112758
112761
112762
101113
101114
101115
101116
101117
101118
101119
101125
101126
132373
132374
99242
99243
99244
99245
99246
99271
130764
130766
130781
133758
133862
109073
109133
109134
109135
130844
131109
137360
137361
137362
99819
99820
99821
99822
131776
142377
142378
142379
142380
142381
142382
129047
129048
129054
129262
129427
139680
139681
139796
142944
142945
142947
106786
106821
131691
138067
143650
143813
143953
143954
143955
143956
143957
115669
115686
115687
115688
115689
115690
138225
144462
121197
138775
144625
144886
144925
144926
144927
144928
144929
146151
146152
117484
136115
136193
143518
143519
143520
143521
143522
143523
146798
112763
112764
112765
112766
112767
112770
112771
112772
112773
112774
112775
123160
123161
123162
123163
123164
123165
123195
123196
123197
123198
151692
146979
147019
147020
147022
147023
147024
147025
147026
147027
147117
147227
142383
142384
142386
175014
175015
175016
175017
175018
175019
175020
175021
147830
147869
173140
173398
173399
173400
173401
173402
173403
124905
124907
124909
124911
124913
151532
175918
175974
175975
176032
176175
147565
147568
147713
147714
172687
172688
172960
180053
180054
180055
180097
143958
159412
176418
176507
176510
183040
183075
183080
183084
183102
183372
176182
176211
176212
176213
176214
176215
176291
176342
176343
176344
137364
137584
159672
159673
172477
172655
179967
179988
197184
136548
170661
170662
175844
181244
202938
202939
202940
202941
202942
175022
175023
175024
175025
175026
175027
175028
175029
175030
175031
175316
133046
158348
158429
158472
158474
182915
195732
195733
195737
196021
204854
197289
197290
197291
197292
197293
197294
197295
197296
197297
197298
197387
142949
142961
142973
174573
174574
174575
179331
179363
202460
202726
202727
202943
202944
202945
203010
203011
203012
203013
203014
203015
203016
203017
173404
173405
173406
173407
204204
210778
210779
210780
210781
214597
151724
178587
181941
187206
204511
204601
204716
204718
209331
213744
213884
197388
197389
197390
197391
197392
197393
197413
197414
197415
197416
197417
128950
128951
128952
128953
128954
128955
162353
178876
178881
212999
216617
175317
175318
175319
175320
175321
175322
175323
175324
175325
175326
175327
175328
204880
204881
205072
205180
216924
216937
217091
224583
224584
224585
224586
203458
203822
215265
215379
215381
224078
229321
229322
229323
229324
229325
112429
112532
112534
112536
192644
192645
205954
215508
228608
228609
176345
176346
176347
176348
213274
213453
213543
223596
223680
230367
230368
147228
180549
201794
233865
233935
233936
233937
233938
233939
140600
140601
177732
177964
205375
205418
223168
230661
202728
202729
202730
202731
202847
202848
239739
239740
239811
239972
240000
229048
229108
229109
229110
229111
229112
229113
229114
229115
229116
229117
112776
112777
112778
112832
112908
176804
188622
202019
202021
240315
245047
245055
203152
203190
203191
203192
203199
203200
203201
203202
203209
246553
197418
197419
197420
245767
245788
245892
253686
253687
214598
242415
242416
245243
245244
245245
245246
248107
248108
254793
233448
233449
233450
233451
233452
233453
233461
233619
233746
256951
256965
175329
175330
175331
257349
257350
257351
257352
257353
257354
257355
239470
239472
258995
258996
258998
259043
259044
259045
259046
259047
259048
210867
210876
211002
236394
236437
248473
248474
248484
256258
258078
258082
229326
229327
229328
229329
229330
229331
229332
229333
229334
229336
261048
233119
233325
233326
257529
257530
257531
261436
261437
261438
261439
261440
213889
213890
213893
213928
240764
240890
240891
255472
255520
259509
260749
233940
233941
233942
234036
234037
234038
234039
234040
234041
234042
266202
249037
249180
249181
249199
266605
266606
266607
266608
266609
269604
269605
269606
258933
258934
258935
258936
258937
258938
258939
258940
258941
258942
258943
254802
255016
255080
255081
255082
255083
255086
255170
267878
267879
267883
271407
261049
261050
261051
261052
261053
261054
261126
261127
261128
261129
261130
253688
268226
268489
274134
274135
274136
274137
274171
274181
274182
274183
253023
253112
253203
253204
273256
273329
273389
273390
273424
276634
276680
268650
268901
268971
269029
272477
275868
275869
261441
261442
261443
278371
278494
278496
278497
278498
278499
278640
247188
265303
267258
267567
270625
277827
277830
277831
277832
278215
279622
279776
257356
257357
257358
257359
271810
271898
280659
280660
280661
280662
280663
280677
259049
259050
259069
259070
259304
259362
259371
259372
259373
259374
259375
264145
264281
281469
281895
281896
281897
281898
281899
281900
269170
269368
269369
286152
286153
286154
286155
286156
286157
286158
274184
274185
274186
274187
274188
274189
274190
274191
274192
274193
274194
279777
279779
279780
279781
279782
279801
279802
279875
279877
279878
279879
277433
277538
277696
277697
277706
277707
277708
277709
277710
277711
277718
279880
279881
279882
279883
279884
279885
279886
279887
279888
279931
279964
261131
261132
261133
285662
285663
285733
285793
285794
280678
280679
280680
280681
280682
280683
280684
280968
280969
280970
280971
229185
229186
229187
229188
229189
229190
229191
229192
277186
305240
274195
274196
274316
274317
274376
274435
308681
308739
308793
308794
308795
281901
296249
307041
307042
307043
307044
307045
307046
307047
307048
269607
269608
269609
269777
305315
305398
305399
310390
310589
315538
272846
272847
272848
272913
272934
273024
315912
315913
315989
315990
275870
275871
275872
275873
275874
275875
280498
309139
309147
309148
316773
316774
316775
316776
316874
316962
261892
261893
317881
317939
317940
317941
317942
317943
317944
317945
307518
318440
323406
280972
280973
280974
280975
318619
318801
318843
318873
318874
316351
316419
319260
319402
286159
324400
324401
324402
324403
324404
324405
324406
324407
324409
259376
304366
320864
320865
320866
320867
320880
325858
325859
325860
325861
307753
321497
323090
323091
323142
323236
323304
314998
325236
325438
325439
325440
325441
325442
325443
325444
325569
315991
315992
328785
328955
328956
328957
328958
329018
329019
329020
331623
331624
331625
331626
331627
331628
331629
331630
331631
325862
325863
325864
325865
325878
325879
325880
325881
325882
325883
325884
325885
323996
323997
323998
323999
324000
324001
324002
324152
324153
335754
335758
336064
280005
280010
280011
280012
314671
314954
317653
335069
338802
338803
322248
322249
331029
331030
331031
331032
331033
331034
334721
337705
329021
329022
329023
329024
329025
338326
338330
338338
338497
338498
338499
338500
329715
337112
337113
337343
337344
337345
337346
337347
337348
333416
333417
341588
341589
341590
341591
341680
341681
341682
341683
323428
323741
323742
333675
333925
336704
340950
341091
341310
331632
331633
331634
331635
331636
331637
331638
331793
331794
331795
331796
331797
318080
336487
336488
336489
336490
336491
336492
336493
340304
344650
344758
341975
345443
345512
345513
345514
345515
345516
332472
332600
335656
344178
344203
344447
344448
347733
347798
325895
325900
340656
340680
340681
346380
346611
346612
346613
346614
343385
349593
349594
349595
349596
349597
349598
349599
349600
349601
349602
331812
331826
331829
331858
358229
358230
358231
344963
344964
345125
357340
357341
357342
357343
349418
349535
353282
353283
360155
345517
345518
345632
345633
360577
360578
360579
360580
333056
348986
349055
349078
349153
353227
341684
341685
341686
341687
347148
347439
347440
347441
363842
363843
363844
337349
361593
349603
349604
349605
349606
349607
349664
349730
349780
349781
349782
349783
344759
344951
344952
344953
344954
344955
344956
344957
344958
344959
344960
344961
337706
360991
369757
369758
369759
369760
369761
369762
369763
369764
369765
369766
347799
347800
347801
370333
370334
370335
370336
370337
370338
370339
341368
355313
367658
367659
367660
367661
367662
367663
357465
357344
357345
357346
357383
357384
357385
357386
357387
357388
357389
357390
370132
370179
360680
360681
360706
360707
360708
360787
367272
349784
349785
349786
349802
349803
349804
349805
349806
363845
363846
363847
344962
363455
363456
363457
363458
363460
363461
338501
338502
338503
338504
372349
358254
369767
369768
369769
80948
80949
80951
80952
80954
80957
80960
80961
80962
80963
80964
80965
80966
80967
80968
80969
80970
80972
80973
80974