pk_event_dim
49479
119492
259629
187215
12501
310145
340422
325335
85829
136203
8750
71094
71077
280497
179391
127801
161058
280821
217257
337260
361733
136520
176432
160017
270598
154136
240893
325304
98006
21801
22002
334336
160153
276800
216618
204617
281423
195502
119753
57577
49465
168434
124745
270793
187217
135573
259637
120328
213436
108468
209415
241021
136207
71091
181450
55747
85907
136954
276796
187220
97550
267805
161234
353653
96088
8651
161095
132276
8698
353661
151656
101841
15163
97642
87945
209342
8701
133240
276792
324048
71099
308199
159612
279043
173645
55706
216081
179394
97778
179396
71089
307967
324045
49473
161238
310144
256740
161633
15179
325016
83153
213444
353232
204886
203296
258989
281619
353713
49139
270958
372025
310141
108436
317860
349849
213446
258960
344511
269100
49460
171128
71084
323711
97537
209630
71101
319417
355295
317804
93637
346910
353231
160580
160209
57590
271163
8729
273057
324058
154674
280339
120362
320748
57589
137600
358460
160026
160140
98670
317803
160613
161057
112250
217588
49476
195419
155940
125074
97548
135568
148194
161255
325241
49464
304452
55782
179371
55726
160560
317027
325027
136472
212567
154151
355379
308518
325309
49470
127805
49126
209538
355296
87057
39372
136753
86066
12526
57588
259565
83192
109545
97329
195496
145956
8646
310692
86068
276788
276781
254915
195499
353120
135564
160573
280225
353660
154125
263973
181321
216003
281440
361067
239998
55670
181445
354252
108438
119751
324051
97549
317067
97891
155931
83193
220472
57565
180884
325243
325300
105882
97538
348872
272912
119750
357291
176415
94066
71069
223733
280023
214409
181609
325226
311077
160571
360220
270794
12505
55807
258953
259309
349133
188840
108018
120899
337307
92202
161367
69661
136745
192833
15171
324054
160430
349848
154166
273147
223644
325024
5104
154159
88070
97535
310404
87954
259041
325220
127203
196920
154142
223002
366996
12512
349745
97233
136466
196921
57568
270597
349683
195446
316768
349928
203164
12500
355388
97547
246217
324562
98590
276780
255375
213439
155947
133754
325265
224226
55699
155930
66127
105853
15176
273627
5105
5103
148198
259010
195443
120298
195417
255381
276801
269119
357300
55768
279082
223643
242227
355293
258955
161637
161257
135863
239977
159905
363852
83199
176108
8728
98586
280672
357698
270381
57566
270867
109496
304456
49155
161635
96687
55788
83210
55704
228392
160576
341129
268008
155929
280666
280668
55781
259007
136510
281416
317977
325242
308190
49117
133755
209427
12508
268987
285949
220474
180605
281421
204525
358466
158430
109546
107770
146043
364055
228391
147549
308404
49122
126288
86192
168385
55742
353607
276782
217254
120313
160260
161483
369629
135575
217253
280224
108441
188768
255374
86969
49477
357299
316964
196297
49124
353656
130225
71088
349855
323706
55700
333842
136512
336364
181320
272897
135551
195449
328323
83208
217251
259011
168216
355380
136200
15175
259306
160154
8656
358482
328319
259142
155941
71090
308192
160563
325276
161290
55683
324129
160023
55693
97542
12499
121756
183057
356960
135553
307973
353711
279041
85833
102778
49144
276790
48985
324055
204523
259001
217602
281415
83161
213452
12510
127837
223640
259671
138440
325330
205908
277278
179374
324043
97282
55689
242235
138057
69664
308522
325794
217612
135569
161487
242239
136511
325268
137650
270383
110128
367418
323934
136522
98584
349684
55775
107870
49149
49141
86062
105216
57572
135571
136953
310893
273429
270599
310143
161475
160578
224382
280816
4999
87462
276783
259597
215734
188771
160565
107877
136206
55789
195373
349843
161094
195413
94067
160019
98587
49137
217035
259002
148200
180625
233923
97785
281315
176708
270547
55778
363749
120320
49140
368107
245677
334337
130755
85836
154144
355298
213435
281601
285950
242225
269118
83217
343514
344512
325411
161479
335959
213433
12502
280817
55684
349677
97898
270595
204885
55787
180631
196774
335963
276799
97531
271802
256778
49472
203298
280953
127793
241025
181328
107777
143491
335995
325577
353708
179385
71087
57550
256737
12511
213440
55728
123309
281275
146039
55808
160024
241026
358474
308195
349824
276786
281531
120894
120325
223993
145806
194710
259630
214411
85449
181227
353654
160158
127789
279089
71105
96686
332731
270546
8706
98429
120364
332263
176440
89845
159523
316598
144732
57580
136744
273887
97895
160152
107871
49110
195718
240483
71098
323701
179373
325026
97536
87461
323930
233863
353652
94064
109548
308194
337938
119756
353117
353121
127845
281445
233614
258959
136470
248452
261402
135565
349674
349858
311317
325312
12519
213431
94069
55785
325028
115905
217598
276793
340419
159409
311015
194460
87936
160163
181125
196298
55685
159611
49151
107872
107888
256777
130277
86970
325572
160155
223673
224385
181448
343374
174616
253165
127840
85835
83214
341578
160824
107776
130699
357288
93217
255383
259814
223731
49462
108746
281313
106328
120321
8664
196922
180606
145787
179377
158347
278772
259631
49114
148195
223672
109484
57556
316839
88071
144668
195415
86070
55743
353704
341971
256779
325271
8727
258931
83207
55698
355381
205990
15166
107773
103303
209536
341576
214414
181449
273148
209855
173663
328327
222998
161522
49461
180607
195745
98591
242247
88075
188772
161254
362005
276794
317861
242231
245273
136469
87056
181330
279551
217138
85837
127797
8692
49152
138037
155924
308200
154146
127798
49130
161489
273803
258963
55752
49157
12513
21840
233924
132089
249209
349389
119752
280018
15167
97892
269117
196909
130279
280227
160203
107869
55790
325576
180619
307966
136755
148330
209629
324408
39371
97551
55738
259594
325280
216819
353706
135566
281422
55696
223669
325334
213443
130990
154168
273482
362361
205991
57561
161477
308197
108742
363939
364116
108019
155945
12507
259003
154169
329096
154138
8679
55771
324060
49133
15169
135570
12497
155920
324050
127842
203165
215940
21744
349844
180609
127795
55682
93366
322502
162276
204665
304453
222999
83157
109543
271167
176456
177582
209414
307556
276784
215886
155915
204656
217610
87938
194456
310693
259587
94065
181204
155946
195411
176441
324063
181323
121762
325213
155939
256776
246581
223675
168212
309676
355385
214402
324046
136210
55716
309677
179383
120318
179370
273889
309771
325305
341530
281311
86563
217258
259005
120324
8731
281446
138767
83150
109597
168217
272844
240851
285756
181322
160018
83174
281309
280226
127796
325038
329558
96095
49153
161484
335967
258962
181327
180608
217589
195495
127853
49156
148193
108433
280013
255380
107771
120958
55824
136750
325578
280024
344382
241018
119749
270798
160583
281419
8642
358472
305869
259638
276791
256780
310691
49136
97232
160619
120363
71092
49154
357297
168211
337258
323932
119745
160160
127841
96768
317625
78308
255377
49469
176810
369479
308403
188787
86067
71086
370665
323707
254913
259004
83142
337936
217262
85993
127846
160579
8722
98978
109782
161253
85987
214406
49466
195450
357290
280014
55713
54640
258983
217127
15164
177141
55709
245600
87943
127848
120319
348871
365634
223671
259633
119755
49135
353608
83148
329193
270384
49115
98764
126356
280217
86564
254907
224383
71104
177071
325332
256739
323715
213451
217604
180622
57591
308405
273622
363374
71083
179392
15174
279086
161628
247892
279081
187219
281447
325215
347869
55773
136208
311089
154154
161236
195492
155927
8680
160834
324040
89298
161634
71103
97529
224380
322289
247353
97546
8730
242233
146041
97900
97303
179382
145252
86534
280823
192926
263984
279045
349854
325574
96089
247102
349681
120327
213449
258961
323941
281618
279892
324038
161481
325272
280017
109542
49475
121210
341577
309437
279039
12531
325039
245292
15161
127800
259585
98582
177278
258079
118993
57563
55777
49150
363368
216033
223727
213447
349136
107781
255376
136202
364115
108489
55695
87939
12525
195442
353230
322295
280706
322573
203297
194457
85991
159846
83151
161256
136956
86069
188770
349857
155252
155937
87944
223149
194448
357569
369628
206322
320863
214403
108737
181446
121755
161252
179376
111406
107780
8682
277613
86063
268988
155943
93684
138036
55767
273470
308201
179398
160138
214405
97781
325301
5024
259008
328313
71107
188769
281417
83188
118650
155921
120903
258956
259595
135557
256736
83159
259497
161237
216001
311017
136468
317636
176416
280671
353115
151657
55730
176466
121315
161354
259590
307969
305282
83180
161875
55737
273021
83168
85896
324059
136283
217596
15172
155942
161055
15178
124242
57574
97896
98588
220477
137628
85834
355383
349679
12504
349845
217252
85988
154148
57552
331328
49132
358464
161240
55721
195410
107874
124991
269103
93216
180611
281607
279983
89109
305598
120893
325225
172030
215997
230726
85906
57549
148191
280220
160568
223003
258990
202178
281424
88069
170820
96094
154164
254910
168384
317451
340418
110056
136748
83167
107117
331133
258986
181455
349927
217611
160577
127843
242243
161420
307557
280009
323709
268992
195418
267010
188574
259640
281319
343367
217593
320843
171127
194449
337047
161632
325218
325020
49120
215998
130212
344475
280822
195266
214242
83156
180834
71096
181329
217255
276798
337259
259495
305387
13299
241019
87058
179393
258984
273939
360219
8683
223722
48994
57569
161636
205567
307189
217601
308524
160567
223001
71079
137712
245398
107775
242242
259635
325573
85827
259632
49148
136471
355299
213438
179390
280669
224302
281439
343365
159881
161627
107876
55772
135554
278773
307089
136475
215941
179372
217603
195414
249200
195235
83169
357295
241022
97074
357293
355338
325329
108435
161624
223728
255404
71081
119090
57578
195420
257238
49463
55745
154165
349676
280216
57555
325580
180039
136473
126354
220479
281444
209518
98270
355301
369394
87059
281533
49121
324052
343444
242244
242248
346606
120326
127790
242245
355300
325217
83197
135567
136201
220480
96092
325274
83152
223637
120895
127838
127851
55707
97780
281425
88073
213445
317139
93418
363861
357289
88068
97534
325310
335957
307090
254909
269104
188774
329194
258958
155922
358476
49145
12528
223729
195613
94071
335971
324056
357505
223646
86533
254906
143490
353655
110718
242238
83173
325579
223723
115350
325571
349680
69719
357699
272987
188789
261872
155944
85992
97541
222997
97231
8688
161486
258957
55740
202052
214435
66043
281442
307549
136514
12506
96091
96057
160159
96097
55723
259592
174618
130532
136476
121757
328317
217597
15170
160620
8718
109547
108442
136518
205890
353710
55783
180623
260092
160208
273848
281534
137989
119757
279088
276785
154140
247200
55708
206007
195444
99801
57582
369393
8641
254904
120949
49129
57573
215942
213005
168210
317739
188885
161239
145276
12516
55697
120316
258932
332461
224379
160016
204616
176467
108437
98005
241027
48966
325742
276778
335651
168215
176680
96093
228755
279040
217592
126355
147217
161056
160557
8644
8647
136798
179375
155917
154137
94068
137081
241024
179986
344474
308402
154158
338524
154156
258994
324061
154160
155935
258993
317862
160589
135574
86071
136509
217595
180610
217590
135556
323702
269971
195416
344544
223641
223725
259593
180614
259305
259591
135577
335962
194450
160021
353606
55739
161488
160664
155919
180617
12520
336363
145785
205892
217599
130926
85990
49127
83194
310270
205565
335960
49143
355297
325017
57594
160559
133740
281320
270385
268990
97981
180620
325581
180612
220471
107783
244956
173795
270685
161482
136212
325303
217265
12524
353119
195491
259634
242228
120329
57592
55705
281532
97553
92203
367381
154145
131106
55786
188841
281441
308196
242232
57553
177665
340421
325306
340423
273888
224161
8738
127799
161478
154127
355292
120897
85830
307554
49471
325307
49125
161631
155928
279243
353228
271164
160612
270796
323703
85986
216002
271162
196923
187221
188785
323708
325275
136949
279811
259494
213450
57586
8662
86072
97532
349847
325219
268991
97897
148201
127844
97779
49138
154147
280704
136751
83177
217264
324037
94072
268989
12530
188786
66066
195412
353118
8689
278769
188773
55714
118932
8672
154155
223677
98583
276779
273232
155933
280819
310142
325022
328321
57579
259584
97893
280707
220473
138124
57585
160615
259669
132085
154150
181325
280222
213442
136746
49467
194452
161291
55769
135519
158421
88686
127849
337760
135630
161485
21794
181324
325273
223666
328306
136474
304454
12532
325021
57581
71095
311222
285632
214407
127794
194455
136515
175115
335964
83145
258025
136947
160135
254914
357466
273112
209369
181291
97783
49131
370642
222995
214410
15157
307972
154167
204814
259636
69709
341391
259307
120312
337308
240485
97643
242237
155934
49123
57575
55766
371834
214404
328329
130211
161626
273111
353239
168214
97787
254912
317140
8705
98585
281418
121759
154157
160566
177171
181319
308198
49113
135552
130213
179645
370856
85984
280332
148196
209556
195451
57583
281310
85985
71093
353659
136517
268928
57558
194451
255378
122948
273625
325018
304455
358468
353712
172236
280022
213432
353707
257523
110545
160588
280664
281448
308193
357294
12523
204657
195448
180618
217594
325023
340424
262505
8690
49468
223724
57587
135560
180629
108157
217261
223721
8639
336380
120314
109781
308516
349825
161235
335958
335961
222992
188775
209364
160207
119754
349846
21780
328325
310194
355294
258992
57560
196785
259588
213441
49116
181453
348870
171876
325214
220470
83178
160582
280832
344585
335972
307970
279042
119748
259659
83143
217609
154163
181236
245162
247784
136513
85983
259596
259263
161476
280708
12503
217260
261401
161630
205566
136508
259675
87940
111188
55748
160569
325216
207339
181444
136209
246029
56528
160162
88519
160022
97528
280019
323705
55725
55701
136528
136467
132088
83218
57576
154152
135555
21759
268007
349851
159882
71082
120961
280705
127791
88074
204524
259673
196136
280016
48965
256607
195440
195445
259663
367288
181452
259657
83144
87650
97539
324047
57557
220476
49147
278774
209537
270795
242229
194676
308517
83146
354323
88687
136211
325221
276789
21773
109544
308189
97640
120900
236334
155918
255382
358470
87941
71070
97552
12527
317799
170809
209341
120902
259496
107778
175917
279085
337317
107850
136955
160206
8695
223670
255386
325331
55774
334335
228453
180604
275785
8640
349853
223000
148197
242236
180621
49146
223642
332594
105854
196896
57570
179397
307632
223676
260093
245552
256733
256735
362004
71102
127836
155916
349678
323704
161262
119758
180624
98287
349682
136946
156783
217606
355387
97533
161251
271166
161258
117236
324929
132086
160572
8736
206329
259297
181326
357292
49128
324053
97641
71106
281549
121761
160156
259641
160617
160614
273518
97530
98426
328311
355389
108743
259265
120879
136950
270596
161629
181454
97786
130278
151693
154141
174615
258987
83175
259679
160027
85832
108740
272985
136741
281438
15168
160161
255379
108744
97639
8580
187216
195500
83212
159418
195441
353658
49134
325270
272898
106863
217256
4993
337937
177628
127792
181290
254911
217250
335994
161259
276787
280218
262456
108432
127839
180615
155936
12515
135562
276797
8721
273886
355302
358480
355291
160618
160205
281420
355390
145957
280952
148003
120971
12514
85831
259667
107774
161241
280223
220475
154149
160139
353229
325873
259991
325277
49118
323714
280670
107779
328309
259566
216000
87942
349909
270799
316546
83179
279810
176839
120896
121760
180591
335965
280221
147854
97899
217263
15162
279044
71080
325311
136516
335968
277242
71108
96090
8694
242234
120322
156416
270864
83141
244957
12522
160136
220478
83189
159907
195493
146982
217600
160562
174775
279046
240484
97782
101162
242246
177070
8735
222996
180613
349852
223645
86064
259589
259677
216082
57562
160157
269970
324044
280219
259665
223730
353709
325019
271168
83216
180628
161242
12521
242230
159906
188784
135576
177158
55776
241020
259064
223786
323931
4992
322246
325224
55687
280015
258966
215884
223678
213434
217607
8645
223004
115333
55703
107924
154139
160202
281620
89279
353657
181451
78336
280228
55784
161474
160616
195501
55765
49142
280820
179395
54636
188767
325302
195447
8719
241028
334754
161480
180626
174661
125145
325328
21766
281293
195409
214408
195498
317802
205992
121758
86626
12498
66293
85828
135559
324041
85826
365478
194458
83209
280824
233922
223647
204526
98271
259498
12529
145786
83171
136519
281437
21732
98589
83215
107873
155925
325308
310405
97555
258954
97234
55770
87597
161233
256773
181240
119746
324416
272909
83211
108741
324039
15173
12509
83170
317453
135561
121792
222993
180616
155932
83195
181447
341581
358478
49474
159880
107875
108439
310140
137649
280020
279083
132087
357298
130214
204527
57567
180630
57559
135572
271165
223639
8643
325327
160570
87937
353705
136743
242240
325313
355386
344545
108745
281318
349673
121196
57584
216004
161625
85989
280467
110205
92204
223674
97894
256734
217259
49478
256738
177698
136752
215943
281443
155926
280667
71100
107868
195866
217613
279084
132090
154162
254908
276795
160204
168213
55741
109549
355382
308191
269105
83190
136204
281314
181126
160564
194454
15177
136742
357296
176375
86065
242250
136749
223638
109779
83147
107357
316880
8648
335966
308523
358458
323710
49119
305187
259042
179389
205533
280951
259500
307553
55686
307971
181788
272849
223668
354324
308407
259006
108434
281317
328315
275784
310907
108739
155923
356961
270382
269102
188790
217591
71097
214649
137264
161157
195439
333406
308434
160663
324049
355384
154153
195503
341212
254905
256774
268015
259009
223710
258999
147757
115843
160600
8720
57564
358375
259586
120898
258965
214412
88072
319030
309672
96720
55688
136747
21787
96096
273626
195497
57595
349850
258964
280021
269099
353116
86273
116434
161638
259000
344968
262315
21753
160210
201731
109550
118946
71085
116553
242226
188788
259661
120315
230260
259639
177061
135558
108738
323712
203282
325575
103161
204884
121754
281463
270797
194459
97440
349675
307968
136951
223726
160575
215730
110544
55719
55694
259499
160015
222994
242241
57551
324678
12518
83162
93638
215999
120323
325410
127847
325222
358462
328968
83191
108440
325025
209416
323713
120901
179384
161289
160020
120317
325279
194453
145661
88076
161292
83198
57571
160025
136199
107782
240774
97979
353575
176458
205891
15165
155948
160611
160574
316954
136896
97540
97784
324057
259308
223732
325269
155938
307974
273891
339731
136952
255384
8666
135563
317117
255385
127852
154143
160561
86005
308406
280818
137266
94070
324042
217608
220481
217605
349856
369590
333841
55750
325278
136754
328786
213448
369627
136948
12517
202668
272914
136198
204522
55746
269098
137265
176457
148192
223648
232765
160137
97554
217128
223667
258985
306151
325333
281414
148199
88077
154161
8659
187218
8681
258991
214413
323716
320692
325223
160014
136477
349616
83213
241023
