pk_event_dim
206316
117433
117434
117435
117436
117437
117438
117439
117440
117902
122276
122761
123315
123316
123317
123373
123374
127813
128586
128587
128588
128589
129127
130580
130581
130920
132080
132683
132711
317569
281613
285742
305450
305617
305618
305619
305838
305839
307256
307257
307258
307633
307634
307635
308915
308986
308987
308988
308989
309046
309430
309431
309432
309433
309434
309435
309893
311599
311600
132712
133078
133079
133080
133081
133082
133083
133084
133085
133086
133087
133088
133089
133090
133091
133211
134553
135767
137277
137316
137317
137318
137319
138942
142646
147744
147745
147746
148008
151516
311601
311602
311686
314938
314939
314940
314941
322910
322911
323005
323006
323007
323008
323009
323011
323012
323013
323014
323015
323016
323017
323018
323121
324072
324073
324074
328170
328948
329216
329217
329218
329219
151517
151518
151519
154745
157530
157531
157532
158622
159998
159999
160004
160005
161162
161163
161164
161165
161166
161167
161168
161169
161170
161171
161172
161174
161175
161176
161920
162410
173685
174663
329220
329221
329222
329223
329224
329269
332258
333393
333394
333395
333396
333397
333398
333399
333400
333401
333402
333403
333680
334808
334809
334810
334811
334812
334813
334814
334815
334816
334817
334818
334819
335057
336112
174664
174665
176554
183139
187269
187271
188513
188514
188515
188516
195507
195689
196546
196805
196806
196807
204778
205298
209296
209310
209311
209312
209456
209485
209486
209559
209560
209561
213422
213423
338320
338321
338322
338323
338324
338325
338350
338351
338352
338353
338354
338355
338356
338357
338358
338359
338360
338800
339032
339033
339034
339035
339059
339060
339061
339062
339063
339064
339065
339066
339067
213424
213425
213499
214195
214196
214202
214203
214209
214210
214221
215380
224628
232983
232984
232985
232986
232987
232988
232989
232990
232991
232992
232993
232994
232995
232996
232997
232998
232999
233000
244965
244968
244973
244983
245397
245630
245792
245796
245798
245802
246902
246905
247787
247789
247791
247896
247900
247905
247906
247907
247908
247909
247918
247920
247922
248245
248371
249040
249042
249044
249045
249046
249049
249051
253116
253117
259755
260750
261404
261405
261406
261407
261410
261411
261412
261416
261417
261418
261419
261422
261423
261426
261427
261428
261429
261430
316517
316556
316557
316558
316559
316560
316561
316562
316563
316564
316565
316566
316567
316568
316569
316570
316571
316572
321235
321236
321237
321238
321239
321240
333404
338327
338328
338329
338331
338332
261431
261434
261435
261874
261875
261876
261880
261881
261884
261885
261888
261891
261894
261895
261896
261899
261936
262504
265494
265495
265599
267806
267807
267808
267809
267810
267811
267812
267813
267814
268043
268044
268045
269462
269463
269464
269967
269968
269969
271409
271410
271411
272919
272922
272924
272925
272927
273060
273065
273066
273070
273071
273072
273076
273077
273895
273897
121790
121822
121910
121911
122334
122335
122336
122466
125681
125682
129732
130036
130037
130038
137689
137742
137743
137744
137745
137839
137840
137933
137934
138029
138030
138031
138032
138033
138034
273898
273899
274244
274246
274247
274248
274484
274485
274486
274491
274492
274493
274498
274499
274500
274505
274506
274507
275375
275378
275380
275535
275536
275537
275651
275652
275653
275656
275692
144915
144916
144917
144918
161843
161844
161845
161846
161847
161900
161901
161902
162007
171454
171455
175911
175959
175960
188444
188445
188446
188447
188448
188481
188482
188483
195987
203877
275693
275694
275719
276287
276866
276867
276868
277078
277417
280908
280909
280910
280911
280912
280913
280914
280918
280920
280922
280977
280978
280981
280987
280988
280989
280993
280996
280997
296243
305047
203878
279245
279246
279247
279248
279249
279250
279251
279252
279253
279254
279310
280267
306200
306201
308698
309923
309964
309965
310298
310299
311114
322262
322267
305048
305049
305073
305074
305075
305076
305077
305078
305079
305080
305081
305090
305091
305092
305093
305461
305683
305684
305685
305686
305687
305688
307349
307474
307475
307476
307477
307478
307479
202086
202090
213927
224295
224296
224297
224298
228335
228336
228337
228338
228339
228340
228341
228342
228343
228344
228384
229096
229097
229098
229099
229100
229101
229102
229103
229104
229105
229106
231134
231136
231138
307561
307562
307563
307564
307565
307566
307667
307668
307751
308892
308893
309921
309961
309962
310739
310740
311033
311100
316296
316350
316649
316650
316651
316656
316657
316658
316663
316664
148274
148276
148277
148278
148280
148281
148282
158555
158556
158557
178782
178830
178831
179237
179238
179239
180435
180911
180912
181132
181246
181247
206136
206170
206171
206172
206235
316665
316671
316672
316673
316953
317652
317763
317766
317767
317778
317779
317780
317781
317782
317788
317789
317790
317791
317792
318589
318590
318591
318660
318661
318829
319141
319142
319143
319144
319145
319147
206346
206347
206348
206359
206360
206361
207284
207285
207286
207287
207288
210976
224577
224578
224579
224580
224700
224701
224702
224703
228153
228245
240535
240536
240537
240696
240697
319152
319153
319154
319155
319156
319157
319160
320735
320738
320739
320740
320741
320742
320744
320848
322322
322323
322327
322328
322329
322330
322334
322335
322381
322382
322383
322384
322387
322388
240698
240699
253689
253690
253691
253692
253693
253694
254794
255027
261066
262041
265908
267923
268903
268904
268905
268908
268909
268910
268911
268912
268913
268914
273129
273130
273228
322389
322390
322391
322392
322393
322396
322397
322398
322399
324110
324111
324112
324113
324114
324575
325570
328156
328302
329410
333408
333409
334681
334682
334683
334684
334685
334686
335952
339068
339069
341284
347330
347475
347476
347477
347478
347479
347480
347481
347482
347483
347484
347485
347789
349384
349532
369430
369431
369432
369433
369434
369566
369567
369568
369569
370220
370221
338333
338334
338335
338336
338337
338339
338340
338341
338342
338343
338344
338345
338346
338347
338348
338349
344754
230306
318374
214418
257466
257467
277426
277427
322420
322421
350262
350263
129064
99135
108935
124574
134459
139968
196563
245601
274494
274495
274496
274497
274501
274502
274503
274504
275374
275376
275377
275379
275381
275649
275650
275654
275655
276862
276863
118176
123273
125431
138018
138543
140473
140578
141998
142546
148283
148284
148285
148286
148287
148288
158558
158559
160930
162114
168329
80244
80250
80251
80252
80253
80254
176437
202712
240137
239964
246729
269689
98779
109666
122159
279079
122867
122868
122869
128042
128043
128044
128045
128111
138835
138836
138837
138882
27906
27907
27908
27909
27910
27993
27994
27995
27996
27997
125508
171414
138959
259149
259220
259501
259502
259503
266198
267265
231141
231143
231145
231146
231147
231150
231153
261396
261397
261869
261935
261937
261938
261939
280921
280994
280995
228861
9455
9463
38430
9421
124746
139967
192518
217073
256964
279735
230317
230318
230319
231137
231142
231144
231148
231151
231154
232701
232708
239499
239500
244977
245801
335953
336383
336384
336385
340649
341218
341219
341657
341658
341661
341662
341665
341666
341669
341670
341673
341674
341810
344893
344899
344901
344904
344906
344907
346617
346618
349291
349292
349298
276864
276865
278918
278922
278923
278924
279434
280320
280900
280901
280902
280903
280904
280905
280906
280907
280915
280916
280917
280919
280979
280980
280982
280983
280984
280985
280986
280990
280991
280992
172891
178832
178833
179240
179242
179243
179244
179245
180913
180914
183127
183156
183157
187135
194727
194728
194729
194730
195823
206349
206350
206351
206352
206353
206354
206355
206356
140495
144364
146394
146395
146396
146500
146501
146502
154170
162046
162047
162048
171863
171864
173304
174583
174584
174607
174608
174609
174610
174611
174612
174613
174614
174767
176321
176322
349299
349300
349301
349302
349303
349304
349305
349306
349311
349312
349313
349736
349738
349923
353495
354241
354303
354694
354695
354696
354697
354698
356946
357500
363611
363612
363613
363618
363619
363620
273229
274238
274241
274242
274256
274257
274433
274434
275880
276282
276806
279149
279537
279538
279539
279540
279541
279542
279543
210872
249326
259754
279080
281904
323103
328413
346725
249108
249109
129065
129067
129068
132092
132093
132146
132147
132148
132149
132150
132151
140313
140314
140315
171150
173428
201921
228977
233822
267239
268246
346771
230307
322268
322269
322270
322271
322272
324293
324294
328920
328921
328939
328940
328941
329322
335873
335874
335876
335954
335955
335956
335974
210975
253685
279087
280006
323120
346760
177794
224732
202671
202672
265751
369235
369527
369528
369529
369530
369531
369532
245604
315668
267266
267267
267268
279739
279740
279741
279742
279743
280726
286002
307547
318229
333610
349612
366719
230332
230333
230334
232782
334235
280294
323122
333075
177929
205582
241031
245602
123489
223538
230323
230324
124734
140014
141453
316952
246552
248375
254733
261415
269965
269966
272920
273061
305053
305098
305099
310606
280998
281656
281657
305046
305050
305051
305052
305069
305070
305071
305072
305082
305083
305084
305085
305086
305087
305088
305089
305094
305095
305096
305097
307346
307347
307348
307465
307466
307467
307468
210963
253221
279077
323116
346759
280896
328980
126099
170971
274237
274239
205033
205362
210853
247925
255592
318588
206357
207289
207290
207291
210699
210700
213901
213902
213903
213979
213980
213981
220466
240357
240414
240415
240700
240701
240702
240703
240704
240705
240706
245590
246215
247564
363621
363622
363623
363628
363629
363630
363631
363632
363633
363638
363639
363640
363641
363642
363643
365496
369246
369247
369248
369249
369250
369251
369252
369253
369254
370389
176323
176745
176746
188265
188266
188267
188268
188269
188272
188273
188274
188275
188288
188290
188291
188512
196534
196535
196536
196537
196882
202084
202085
202087
202088
202089
202091
202092
202202
307469
307470
307471
307472
307473
307558
307559
307560
308409
308410
308411
308747
308748
308749
310607
310608
310735
310736
310737
310738
311032
316652
316653
316654
316655
316659
316660
316661
370735
370736
202203
202533
203338
204768
205329
210514
210515
210516
210517
211005
213034
213108
213109
213110
213361
213362
213363
213364
213365
213366
213904
213905
213906
213907
213908
213909
213910
213911
213912
213913
213914
316662
316666
316667
316668
316669
316670
316674
316675
316676
316677
316678
317758
317759
317760
317761
317762
317768
317769
317770
317771
317772
317773
317774
317775
317776
317777
317783
317784
317785
317786
317787
249647
249648
249649
249650
268906
268907
268915
268916
268917
268918
268919
268920
268921
268922
273230
273231
323618
213916
213917
214167
214182
214183
214184
214185
214186
214190
214191
214192
214193
214194
214197
214198
214199
214200
214201
214204
214205
214206
214207
214208
214211
214212
214213
214214
214215
214216
317793
317794
317795
317796
317797
318586
318587
318652
318654
318655
318656
318657
318658
318659
318929
319140
319146
319148
319158
319159
320737
320743
322260
322316
322317
322318
322319
322320
322321
322324
214217
214218
214219
214220
214222
214223
214224
214226
214252
214253
214254
214255
214256
214257
214258
214264
214265
214266
214267
214307
214392
215526
215527
220487
222988
224162
224163
224164
224165
228251
228253
322325
322326
322331
322332
322333
322336
322337
322338
322378
322379
322380
322385
322386
322394
322395
322400
322401
322590
322591
322592
328157
333071
333072
334675
334676
334677
334678
334679
334680
249110
249111
249112
249113
249114
249115
249182
249183
249184
249185
249186
249187
249188
249189
249190
249191
249192
249193
249194
249197
249198
249232
249233
249234
249235
249236
249237
249238
249239
249240
228254
228256
228257
228258
228260
228385
228387
228389
229203
229622
229623
230087
230320
230321
230322
230325
230571
230572
230573
230574
230575
230576
230577
230578
230579
230580
230581
230582
230583
230584
337756
339338
340160
341651
341652
341653
341654
341655
341656
341659
341660
341663
341664
341667
341668
341671
341672
341675
341676
341811
343368
344900
344902
344903
344905
349287
349288
349289
349290
249297
249298
249299
249300
249301
253162
253163
253164
266371
270525
270526
270527
270528
270529
270530
270531
270532
270533
270534
270535
270536
270537
270538
270539
270540
270541
270600
270601
270602
270603
230656
230948
231135
231139
231140
231149
231152
232766
232767
232768
232769
232932
232933
232934
232935
232936
232937
232938
232939
232940
232941
232942
232977
232978
232979
232980
232981
232982
349293
349294
349295
349296
349297
349307
349308
349309
349310
349314
349315
349316
349317
349318
349737
349739
363594
363595
363596
363597
363598
363599
363600
363601
363602
363603
363604
363605
363606
363607
363608
363609
363610
363614
363615
363616
363617
363624
363625
363626
363627
363634
363635
363636
363637
368938
369236
369237
369238
369239
369240
369241
369242
369243
369244
369245
372209
236432
236433
236434
236435
236436
239056
239448
239471
239614
239735
239736
239737
239738
239838
240068
240323
242511
244963
244964
244966
244967
244969
244970
244971
244972
244974
244975
244976
244978
244979
244980
244981
244982
245791
245793
245794
245795
245797
245799
245800
246903
246904
247786
247788
247790
247792
247793
247794
247795
247893
247894
247895
247897
247898
247899
247901
247902
247903
247904
247910
247911
247912
247913
247914
247915
247916
247917
247919
247921
247923
247924
248098
248100
248368
248369
248370
248372
248373
248374
249039
249041
249043
249047
249048
249050
270604
270605
270606
270607
270608
270609
270610
270611
270612
270613
270614
270615
270616
270617
270618
270619
270620
270621
270622
277330
277331
280214
305681
309760
309761
311303
311304
311305
311306
311381
311382
249052
253208
254734
261408
261409
261413
261414
261420
261421
261424
261425
261432
261433
261877
261878
261879
261882
261883
261886
261887
261889
261890
261897
261898
261940
265405
265406
265493
265668
265752
265753
267304
267305
267306
267307
267308
267309
267310
267311
267312
268040
268041
268042
268986
269963
269964
271628
271629
271630
271631
272921
272923
272926
272928
273062
273063
311383
311384
311385
311386
311387
311388
311389
311390
311391
311392
311393
311394
311453
311454
311455
311456
311457
311458
311459
311460
311461
311462
311463
311464
311465
311466
311467
311526
311527
311528
311529
273064
273067
273068
273069
273073
273074
273075
273078
273079
273080
273894
273896
274243
274245
274480
274481
274482
274483
274487
274488
274489
274490
311530
311531
311532
314942
314943
328223
328224
328225
328226
328227
328228
333171
333172
333173
335657
339946
339947
339948
339949
339950
339951
339952
339953
339954
339955
339956
339957
339958
339959
339960
339961
339962
339963
339964
339965
339966
339967
339968
339969
339970
339971
339972
339973
339975
339976
339977
339979
339980
339981
339982
339983
339984
339985
339986
339987
340335
340438
348883
348884
348885
348969
348970
372210
281278
335905
360813
360814
360815
360816
360817
360818
367728
367835
367836
372314
372315
206035
206053
161029
161030
161031
161032
161033
161034
161035
161036
161173
183140
187270
202026
202027
202028
202029
203319
203320
204762
210441
210442
213421
213922
213923
213924
213925
213926
214187
214188
214189
214225
214306
214511
214512
214572
215832
215833
216025
220486
224166
228252
228255
228259
228386
228388
228390
230315
230316