pk_event_dim
99489
99490
99491
99492
99493
99494
99495
99496
99497
99498
99499
99500
99501
99502
99503
99504
99505
99506
99507
99508
99509
99510
99511
99512
99513
99514
99515
99516
99517
99518
99519
99520
99521
99522
99640
99706
99707
99708
99709
99710
99711
99712
99713
37816
98979
98980
98981
98982
98983
98984
98985
98986
98987
98988
98989
98990
98991
98992
98993
98994
98995
98996
98997
98998
98999
99000
99001
99002
99003
99004
99005
99006
99319
99320
99321
99322
99323
99324
99325
99326
99327
99328
99329
99330
99331
99332
99333
99334
99349
100170
100171
100172
100173
100174
100175
100176
100177
100178
100179
100180
100181
100182
100183
100184
100185
100186
100187
100188
100189
100190
100191
100192
100193
100194
100195
100196
100197
100258
100259
100260
100261
100262
100263
100264
100265
100266
100267
100268
100269
100270
100271
100272
24049
24050
24051
24052
24053
24054
24055
24056
41797
41798
41799
41800
41819
41820
41821
41825
41826
41827
41828
41829
41830
41831
41839
41840
41841
41855
41856
41857
114811
114812
114813
114814
114815
114816
114817
114887
114888
129337
129338
129339
129340
129341
129342
129343
27726
27727
27728
27729
27730
27731
27732
27733
27734
27735
27736
27737
27738
27739
27740
27741
27742
27743
27744
27745
27746
27747
27748
27749
27750
27751
27752
27753
27754
27755
27756
27757
27758
27759
27760
27761
27762
339293
339294
339295
339296
339297
339298
339299
339300
38620
38622
38623
38624
38625
99714
99715
99716
99717
99718
99719
99720
99767
99772
15898
15909
15920
88824
88825
88842
202863
202864
202865
202866
202867
202868
202869
202870
202871
202872
202873
202874
202875
202876
202877
334695
334696
334697
334698
334699
334700
334701
334702
334703
334704
334705
334706
334707
334708
334709
334710
99350
99403
99404
99405
99406
99407
99408
99409
133771
129344
129345
129346
129347
129348
129349
27682
27683
27684
27685
27687
27688
27690
27691
27692
27693
27694
27695
27696
27697
27703
27704
89188
103086
103097
103146
100273
111229
111230
111252
111253
105381
145500
145501
145502
145503
145504
145505
145506
145507
145508
145509
145510
145511
339125
203131
88199
88200
88203
88204
88207
88208
88211
88212
88214
88215
145222
334015
334338
334339
114803
114804
114805
114806
114807
114808
114809
114810
240707
240708
240737
240738
240739
240740
240741
240742
240743
240744
240745
240746
240747
240748
240749
240750
240751
