pk_event_dim
66098
115243
266924
131948
145029
145817
266602
203393
307125
255114
129880
146694
130860
146683
307881
146684
332671
130906
34472
305893
339859
203628
204567
366952
145437
305212
161321
75634
129890
323633
340135
161336
266896
203387
371855
188752
311021
311552
307909
333064
139057
130162
183210
183226
240580
340748
145911
325008
115798
305902
305984
11859
233211
117328
277891
337380
11833
205003
129913
169981
139561
175704
371738
146724
266640
270475
370427
145257
129817
334852
361378
203576
336775
315550
94401
233234
333133
269954
233717
339185
183231
340148
92729
175422
145014
107853
131941
307422
13381
129927
242548
340023
271293
91904
305957
30159
271964
161327
115253
145028
131788
349922
203598
305989
266727
120917
305913
336666
183240
371842
233247
238800
147902
13540
130005
339597
175663
129835
215398
307122
306073
233577
339531
366968
270276
270467
203489
340062
75589
175396
105176
238771
266759
66267
238706
130571
266884
101715
270350
175416
13542
175544
148161
271498
273140
316001
215306
339333
266713
224220
305996
129951
102739
175566
238729
11892
22376
203406
238758
307913
370628
188431
145223
204992
115887
270495
175880
233606
175783
270505
145049
371659
255118
371728
339992
205012
361874
22369
203621
145077
340514
175412
94406
233261
370624
161404
266954
311080
238704
371851
266981
336734
129984
305920
339181
339162
11901
270865
266688
370943
170805
129771
13502
266643
233571
305896
233098
340013
175839
203463
270255
340505
175792
366994
336994
307410
146685
324427
233236
238781
336660
205112
129940
308737
203509
333617
203545
233592
5068
4966
130043
104887
273234
315994
130034
305910
216594
75670
161605
145033
130077
307424
175393
310596
315658
307911
315968
175702
175432
174332
137624
336997
268125
271497
233238
268695
347299
334845
175532
370617
205008
204984
131786
271953
336794
306072
139428
203487
203501
30192
339593
203397
305968
233607
315971
332068
183254
307395
129892
267290
266895
11850
266677
371733
337740
129931
371658
233608
233225
129869
215404
307417
269757
175561
233227
146856
233594
277888
75702
337022
272949
13497
130019
130002
307423
129933
129840
259368
315806
205000
266573
131819
266956
175675
255873
307897
266936
315614
92727
316760
91986
333152
175687
307100
334865
203626
146845
332307
307181
11830
269764
279632
175363
371734
269012
162038
271281
266682
332305
315969
238739
175778
154723
317138
175359
336772
233716
183225
307906
94518
145059
145308
369666
203524
129833
175538
273239
340012
11916
270509
13551
115252
145363
339171
175436
145078
339587
315809
270469
315549
271158
266601
145327
305888
369657
145365
240375
361875
145297
316295
340522
334860
371845
336767
203562
332575
11899
266893
233262
325902
175781
305899
238813
257309
371651
175808
143976
369663
203484
266737
34452
339190
340751
334830
115250
308537
339791
238755
332727
138497
336755
255113
139507
270354
175803
204994
131920
145044
357018
161332
266656
203567
233560
175341
145227
266973
131782
266705
333136
305903
178815
5031
266986
11889
366978
270786
146682
370191
138498
203503
279549
366983
339643
194581
341557
319218
334838
334333
203390
5042
66253
344719
240585
316761
370614
306060
305958
323642
115342
175374
233246
270471
238735
176017
266741
340516
93520
307427
129936
75582
271788
203502
175558
336742
266736
129902
336776
105005
366957
305891
307128
172413
332290
266649
93666
277448
22371
145341
340518
340216
233105
233090
266992
131815
240373
145347
255123
347141
306075
315807
115399
315610
204581
315557
316161
315662
130004
233214
337010
175549
129906
332688
339888
75709
340755
370958
137424
280329
175551
370439
131001
129770
238814
178818
92735
203507
321091
145269
316146
371839
305978
307391
371722
11860
307923
315089
370627
266910
145031
266881
129774
175818
339191
266698
233100
340029
266676
270494
145259
145256
115797
147230
175764
129813
270954
336669
371906
266987
143971
233260
273805
171243
332288
5096
183083
203553
146661
5060
314652
270360
175807
130997
271495
245146
203445
238708
266679
305900
307170
339189
336996
316145
115889
129827
270387
275853
238792
334464
266632
266985
175355
145042
366954
371901
233588
105182
333147
233579
129847
266748
339623
270956
203510
175545
13384
271299
204563
307127
339097
145351
176286
270250
340504
30184
175543
319289
146707
266976
334844
129928
307882
145217
332253
340750
129818
224218
203411
175784
175962
130163
99112
371902
131939
370437
175809
242545
139429
239635
332063
22372
307399
95171
266744
233207
266874
203610
334331
183229
315554
145317
315982
316626
307108
223978
203464
115086
75716
204568
281348
366982
175372
175696
104893
340036
240376
203385
270484
266710
308782
11835
333163
66247
11914
145072
145321
176835
233245
339591
340042
11867
267006
78357
203543
271279
203575
270514
148138
30155
145303
171238
337023
129991
175681
336784
129864
11854
129918
256667
266745
369112
205020
238810
343407
270627
266919
36928
332689
106014
5088
338582
203569
307428
145335
371891
11910
337029
339170
105006
339180
146912
270501
341238
309045
131919
99012
175556
4969
340071
161310
203539
204556
325395
306158
203568
148256
129905
307413
129959
91917
370423
175699
305924
146686
315622
266978
129882
146725
332489
130010
54615
92733
104890
204570
233600
307917
270396
311553
92137
238785
340761
223901
146855
233595
161326
138504
325905
203479
307919
270347
370630
311537
311543
206108
11824
339095
307180
305909
205108
314666
344413
129861
147236
371852
129809
137634
66242
340081
338579
318422
307136
105009
94393
307115
337001
93516
366977
371878
344722
175703
145056
205013
338578
205001
203566
206397
339629
145325
146676
305908
315617
180845
270946
271954
371867
146850
11921
175676
270950
315565
266739
305990
203405
267005
146709
91984
215400
203459
175381
339787
203386
204999
145242
340509
307153
370426
214444
316047
146854
337393
11853
203594
370616
11887
337736
130850
90646
205111
129850
339790
333153
266644
248361
266669
22359
271733
280656
339575
336778
370424
266729
332659
161880
203555
130016
369166
130044
203482
145087
340515
339178
203472
204545
175825
369175
311545
92133
92728
183255
271957
332067
339166
315618
315675
271732
132714
238754
238769
146848
314920
266984
266949
36925
146718
5050
339129
266879
333125
307179
268702
175541
54609
146719
203447
175669
336793
129855
366992
266877
233206
233255
130160
276641
340063
145350
340044
172417
307143
340038
13386
204571
307093
307899
203427
203608
270404
314912
105011
207034
204537
203522
132051
175413
203444
333150
137619
266990
233248
188434
273244
319251
314948
281347
316050
11922
307925
75632
332293
238770
271289
268700
115254
117654
130031
233574
175775
204501
233093
91610
204529
209300
339786
340508
114696
203367
13553
271850
203366
144990
240587
145055
75714
259299
307103
307173
129948
315998
34457
113389
145226
339605
266959
267000
130042
353629
337016
203506
369178
75674
140779
340056
175357
30187
204562
145261
240583
203542
315984
175414
49104
203564
273132
315951
161333
129815
75580
131802
366960
340758
137830
203557
204528
255121
266586
316066
6378
270393
307414
271277
203515
339785
339133
205117
349411
266971
117650
316049
266672
203370
340021
22358
333128
371890
188435
117646
11876
270944
270474
269754
340756
238804
333126
334849
223976
215309
242675
75570
175404
266903
145011
316155
161311
238711
366980
249362
339557
307420
75663
145080
11865
343406
310597
319244
145030
361373
332682
255880
145003
311316
276939
94509
204548
266746
337024
266740
340139
238701
13506
203561
209474
75623
316288
145359
204565
13498
99126
266599
203401
266693
341237
203559
266918
318428
336757
175349
332684
316043
270213
233273
203560
94408
305974
233219
215397
131789
175398
129821
175820
146697
11866
266743
140309
130032
270397
129842
306067
203512
340082
129999
204509
92736
129960
13500
203409
361372
175774
233220
129793
266653
334863
255883
307160
370425
340150
134936
145225
305907
102732
332685
175366
266568
205021
271314
238808
203493
130158
215282
175811
145216
11883
175805
94399
266704
337386
371861
146665
256663
366965
335970
161314
337021
94392
175765
129937
340067
332492
129929
332699
316174
369173
339617
145339
137615
238809
266697
266967
340018
271283
238719
175829
343422
280495
188432
203369
333154
279146
314640
75715
233563
337206
255112
332588
349537
340137
371740
353603
93522
238714
270399
175691
270518
92132
105012
130009
215669
332691
161313
183241
129934
371849
266997
256213
307024
344724
271308
315976
334334
347143
242544
129993
178812
349916
339174
203438
11886
233597
203378
104892
333155
276276
130012
145063
233193
11930
370626
131783
129819
280212
131922
332715
145972
370949
266630
130014
314915
175838
233570
145336
172416
245147
266958
91592
308780
266636
307110
310198
195165
307146
337030
343427
203426
339621
117325
204573
266951
333057
315970
205014
308783
203622
203453
315983
102737
115236
349524
339990
101711
92130
95172
305988
266675
175772
11851
94387
34481
129942
307106
136529
307421
307116
148143
145027
131780
131811
204564
175814
309085
319248
371876
270215
94285
30175
11893
238805
361381
146730
233085
180019
87642
266763
146702
93523
206376
139554
238822
206975
233612
271952
268689
145065
205007
136531
332675
94517
332696
305916
332710
270490
266989
370615
146690
75694
94404
115343
340142
129824
266883
238789
130039
242546
316630
311547
270503
175364
238720
370433
339159
334656
308779
318993
140308
314918
129877
129982
337734
131781
369108
341558
340055
129783
75639
113468
281289
178828
270574
175351
238784
248405
339192
34453
238691
340031
175788
129768
332676
146672
233243
340078
307109
270400
146662
325906
175816
266631
129932
5074
204979
353631
131947
333156
131814
175761
248406
332247
139560
266689
75683
175697
102736
337008
129787
169984
145046
22366
317078
183206
339334
168342
49106
238761
204983
340146
266914
171576
130018
270348
75572
276741
131778
203490
75679
75619
238697
233609
203389
117649
270480
266955
203492
311542
34471
11875
175797
339099
204508
340016
175824
162034
338577
268694
183239
340033
316164
305980
353835
324428
256507
145278
332707
175791
75621
277893
145366
336056
148134
266681
240584
332708
370308
370960
332246
334869
175785
103409
266752
279852
334855
337027
203372
223144
332672
75651
171572
333621
137616
175755
270263
314951
129925
123499
11905
266758
315800
307910
75645
175767
321176
338581
308781
259219
333158
88127
30163
245153
339186
175664
324425
175365
339988
270491
129789
270473
270257
340519
233601
146910
161892
75666
145009
335658
143969
245140
333132
11852
238794
266933
268688
91981
204536
171575
146711
266567
340149
203450
145971
307159
138510
340124
145224
270789
145250
242672
181612
266724
233192
161324
280264
129966
334846
305993
145051
113585
130903
129802
209354
175562
203500
272893
137625
343402
339175
34480
233266
271946
145082
271499
325422
305977
314928
215407
129885
336382
370445
5067
131795
5049
204553
175407
340425
279381
145231
371660
176018
357017
336256
323948
129998
333062
315997
30157
266943
344718
203382
146629
11924
238795
146728
366972
115799
11831
169822
223899
203526
370953
314654
115249
307924
278017
333616
203466
130994
366990
245141
129878
325264
334867
305966
177656
233269
161329
75577
175431
339563
307138
145348
238760
259214
92131
369170
34464
11878
307389
161334
129894
371739
369163
30156
233215
203434
340073
271963
175771
343403
188450
266730
336739
203373
233103
145058
175420
36939
238764
233213
336999
268784
332160
305922
146681
130570
175425
203388
311551
258115
139562
332669
203496
366964
336770
130998
361882
306061
175760
203541
75688
344440
11817
266659
315972
357626
347425
279899
175419
137831
255876
266635
146726
366989
203407
325393
203465
271959
171579
129772
30166
129988
270466
337749
34462
146677
145070
314931
75635
347421
11834
339303
94402
129924
305982
270493
271962
204561
307918
315980
138501
133280
146703
11915
204583
266913
371731
146849
145026
339571
318991
215318
276941
336729
203540
5082
175812
148140
266948
204988
266754
175787
339182
175701
333620
203423
238819
238762
371838
305890
233097
307908
305981
332681
115245
337014
270340
334862
273248
307411
233078
238765
307169
266633
233270
306059
307166
102702
307141
273802
175564
175526
129873
130017
371884
75706
325908
340746
175399
223980
369662
266725
43427
130087
203476
340129
11856
332586
145324
307162
333146
129765
266892
206054
145377
75681
238821
317890
131807
340059
238780
204732
333135
175348
75690
30154
145244
268699
129957
238750
266695
139530
11907
332664
325260
369171
324008
203618
336655
75656
146668
314926
129919
305915
334864
75654
233210
203433
175830
145035
130029
129969
93518
270288
266600
137623
30172
117653
203400
315625
332244
129797
233106
319241
319252
175842
278765
266712
337204
75665
75700
266592
129779
11911
371903
203470
176284
175753
266751
22367
129854
114698
183249
316280
325901
203488
271312
332693
357708
129510
161886
271958
95821
245143
323627
130861
129963
36926
266756
131821
129816
215320
215322
307419
129800
259364
371859
271960
195403
203368
273235
245634
175869
370309
337388
233223
339780
223977
115341
370959
266928
369659
117651
270476
175873
270339
238721
340760
175833
316287
87932
126754
332690
270942
203402
315956
233191
137832
204733
337747
340010
314632
66255
238818
271291
92127
105010
13562
340030
129805
203607
336998
245145
266983
175854
175376
233112
361880
266580
161320
270472
146909
175754
34479
233604
75574
34454
255866
316036
266711
245152
339561
203604
332673
277987
318989
333139
115237
129837
240588
305897
276275
238783
333618
215395
233712
315665
369168
270479
233569
115796
334843
357013
337912
203573
175550
316158
332066
204976
233115
306002
175343
270349
94397
11826
369665
333131
175671
314648
175373
370421
195605
333129
340134
129836
270939
334858
238724
107463
94510
307891
266911
194582
172418
334832
145345
129803
204982
130035
266583
370451
305954
337394
175695
307105
307163
233267
339585
183220
145302
370956
203377
307902
316037
107818
161885
307912
146865
340057
259367
316198
139048
138511
203375
332292
91016
349915
30170
130085
105013
266634
143970
307135
270398
180131
94513
161308
183204
233715
240379
75648
148135
75644
314923
305955
129845
137636
238749
106168
84979
215887
316276
131806
305885
307407
75701
129997
270487
146700
314930
305976
339619
175411
275855
203614
271951
233197
75673
129777
114699
203529
238715
305960
5056
132265
332298
139563
314646
370948
332680
361878
205011
117648
75573
266974
336656
171577
129987
146664
315999
75696
332250
266684
145013
316163
129907
75713
203595
175967
315084
129782
371650
94394
11917
316771
337012
340027
215401
340080
266728
30169
270628
175530
305882
205018
339187
339639
11925
275854
339194
366991
316041
371862
266593
175347
13507
145331
315975
54611
307157
145356
270788
370310
175369
145378
233084
347516
239502
175684
307904
129515
178816
238690
169803
145334
11849
129801
281346
214446
145085
175821
337399
175401
336773
315564
203391
305951
30180
309440
130993
233271
316292
307172
145312
238816
266923
267373
340066
109309
317074
336057
315669
315801
266703
131805
266757
13499
203473
5066
333065
332697
144766
281345
233089
139058
205116
255124
11881
266701
305997
175777
332725
305921
340045
207033
203597
334870
340025
270504
129828
233094
203563
314662
144991
336995
215667
343424
175546
130022
233576
205009
369117
175352
306058
92654
314914
371737
315657
332297
332064
146851
307165
315560
249361
332070
332668
145436
145038
273136
30162
145074
175560
339611
346938
162039
175370
334857
370444
161322
371721
266719
145266
205002
130025
305953
203376
183222
130853
316632
13385
306070
4970
161949
203508
49101
259628
22375
340513
129975
346940
332726
238722
129788
206381
233244
332251
183211
315095
332300
175855
336754
366961
316165
139049
183233
315097
337013
175395
145344
203609
306068
266651
245248
371662
307155
130855
336991
175668
340051
307915
337033
129980
145062
129977
130859
332674
129888
305994
371667
30167
204975
117652
334831
137632
233198
204507
91607
270513
205964
238747
75636
233572
311535
366969
215405
233268
176016
270284
131810
332694
204544
344721
316038
238712
203477
131944
337017
50133
85472
339188
337391
337745
104110
115235
319239
332580
178827
54612
34459
175383
371730
371720
146688
332241
371741
270359
129781
176019
270507
305918
204995
314921
146660
145294
204530
336740
305904
203521
129910
94386
129922
145068
5093
370951
233584
75579
273809
371655
366958
270953
233562
314911
238700
175876
339889
266941
233275
92730
361879
205015
339565
336657
145307
203551
316283
276940
175670
145352
307033
337000
233201
170808
11823
311534
145260
129838
203532
305967
307404
176048
305992
315613
203616
277895
75652
75677
176015
175831
273655
203514
129994
203440
146689
188428
105174
183228
336667
233107
306025
129941
233254
319246
344715
353626
5083
183252
337202
233257
332294
187976
145815
11828
333127
215286
306000
11873
146710
139427
215396
204506
170807
147235
233091
357709
306015
138506
136675
332660
175362
91579
337015
325394
209345
75667
273247
13510
233086
277466
336758
130904
129952
270941
343434
337006
238782
273806
203425
371877
339581
203478
161325
270248
91980
145012
337007
11863
117228
279075
266953
307412
243002
266648
175688
338580
332592
138500
305923
325907
131918
340032
310202
137618
306074
270414
188430
11904
307150
339577
144993
233587
319240
340763
343426
266674
30189
203516
233231
75685
175768
307426
334720
175353
314674
127589
129844
146669
203467
11902
270629
305911
75662
332683
137614
340087
371657
266662
270957
316149
175822
203552
259564
259563
307171
340040
245828
5075
273134
333160
130076
130021
215410
145233
161402
371661
266912
233263
333124
130901
315096
203451
334828
11908
333622
175539
204550
138502
117644
307027
266897
148139
266975
238734
339635
129921
307129
337748
269763
131940
266761
315609
131808
317077
145230
209348
146721
339096
266734
309090
270265
258113
371735
102709
339082
337382
332306
175528
307168
266581
371893
238791
343405
338315
5106
309441
145020
277449
131798
339993
203448
353592
203430
280285
337746
245150
369182
266742
161893
105263
175698
146723
129814
174054
176013
370950
203394
75647
307101
266722
238763
145265
306009
255106
370623
347312
115239
340039
333141
11862
340079
129978
256865
136533
238746
305363
258414
266571
274038
305952
75699
131949
93517
339165
311546
105264
332577
280525
129851
178810
334859
175535
22368
145262
101712
161315
203525
269758
307901
316197
340070
203577
369176
340747
204533
176834
75650
175693
315977
238745
336733
130020
187977
161323
305898
370613
270511
339989
317075
146714
266576
370618
5073
266926
370428
110129
315802
175554
336294
369167
204510
267299
117647
371853
337737
145320
214447
305979
129849
276942
75649
339991
307161
132053
175798
161401
270413
117643
129935
203546
332716
129886
339784
139430
94398
103407
145328
129843
340143
175879
332301
370944
34478
129846
91746
270272
175679
268698
233250
13511
337742
233083
130023
266888
314656
206399
143973
336659
371858
270403
203480
145279
370435
75575
270463
238732
266922
347301
339164
270261
233259
371665
129795
332655
315676
145036
318430
311536
266732
203623
145319
175763
145236
266952
324125
145041
307914
203547
332587
233596
340428
175377
13395
315108
75682
142147
279796
305919
215283
271310
130083
204540
339302
325392
339607
75684
266749
307132
305971
130854
238807
341546
310595
340512
336787
271734
266660
370619
129860
129784
279141
129920
270785
371837
130851
152512
255867
206407
129859
339641
339599
203429
255875
129875
146716
179985
233603
307396
340028
238731
344720
369111
347303
369116
337750
332069
175354
316628
129798
266738
204558
332700
310195
175389
238694
339782
175810
233591
129917
203441
129804
267003
323658
131784
366970
233217
145912
203485
339195
195604
270220
145343
91773
175400
195606
129958
161952
204993
332695
332663
136028
175694
270341
145018
148166
315087
103653
337198
307907
305970
95819
188809
339603
305961
75642
205019
314658
307415
183248
366981
30178
273245
371882
233092
233216
270412
139558
94512
129823
270392
266673
266944
233095
371897
316294
204997
336668
307386
307920
307894
273237
340026
337384
145322
340765
145032
174053
339169
203468
204991
145048
266708
22360
371881
305983
240371
332289
129825
340008
183230
307900
370612
131823
369118
307430
305906
145360
315955
203619
266655
203497
131000
337381
129970
145081
130047
233602
134150
171574
325396
130856
175350
145910
233272
75655
73698
349452
276936
318426
238693
333623
130857
307387
336295
114695
314916
129949
117942
337009
175776
183219
233253
130000
233229
146858
175672
266650
266570
129848
130033
177657
307114
369169
204503
205965
175547
129831
175815
11920
94403
145047
266717
279799
175817
146687
319046
215284
339567
73700
137617
353591
315605
336060
307028
5037
334833
238725
206831
336737
347447
145053
172412
307102
238699
266750
370443
340764
175841
238752
203504
334330
270506
233204
188750
305959
161877
5078
311544
271950
187963
145371
175391
255879
130015
30181
175835
175531
93515
143824
75692
348917
13501
245651
271955
175757
315664
91988
271159
145342
238738
75695
245149
95823
75646
307124
361877
340049
91017
233237
137631
318830
115251
11896
183235
129879
333165
129916
145052
233116
203379
276840
270345
130080
340524
366956
370631
307406
146722
332585
276743
333157
176283
206832
315101
195180
233205
305964
270401
239961
339179
307397
334854
332704
336990
366949
307130
129938
129955
11928
271627
75687
306024
266929
73701
337011
169982
245212
337910
371857
102738
95822
349921
100993
145024
332714
145311
146674
132047
306057
233212
146666
353597
169985
105172
266942
315659
307167
175392
270951
131813
132263
145291
175819
340126
138512
306014
369177
266563
22363
279795
129972
233230
366971
371668
129971
332248
205010
266963
124258
203571
316289
145083
340507
129930
130082
307177
129946
266917
203611
266969
146696
161307
361377
13508
130992
85408
162036
340084
203520
337741
209353
339132
332661
131999
270270
146693
369183
307149
204535
75571
369179
129893
233568
11919
333143
5079
92129
334836
205113
30188
203620
340429
316150
205930
115240
148137
130003
266991
334868
146729
266977
233200
171573
324424
77028
266658
188429
271295
233714
209344
203408
344713
266575
203399
266696
138499
11872
73702
271285
233096
336766
340053
131942
139051
145375
314660
116423
339168
76908
5072
36912
281344
129820
334834
266950
333134
131946
340047
307905
175800
115238
129773
319254
266565
204986
94407
129785
371742
340024
138508
145235
131923
370432
11825
90643
339530
339167
266957
91604
371863
105008
175358
233598
233276
175870
371726
137626
323947
318425
175828
115885
266966
144992
129822
36941
266652
90645
361881
306066
337911
145073
315553
316291
13377
129796
270523
109721
146911
316000
145376
266964
337397
346932
332249
238723
175689
279420
160634
85473
75705
238759
203523
314630
278620
332709
332065
371874
175677
5059
319249
5045
178817
324009
92128
307118
22374
115246
129790
105181
311549
34461
270389
203536
148167
270515
169818
315808
145067
242673
130026
145373
129810
238766
361376
145316
332677
129909
332296
13544
129900
270568
175966
130907
278878
266979
88382
306063
271948
266994
339160
340043
5061
54616
129767
370941
266598
305884
129899
175540
319238
145973
273808
145064
276937
175565
130862
146680
75588
145816
129944
175804
332667
339156
334332
266639
371666
339094
270516
315674
203365
131816
145004
238815
145037
91929
204580
307409
132264
101710
95824
332242
175557
137620
340011
145249
370447
371889
131785
175877
266886
266890
137627
332494
92135
203554
137630
316284
370450
319224
175799
332692
140046
371871
233114
337004
333161
36914
332302
233580
238698
315083
105171
204731
233599
99113
339777
255646
340759
147229
175666
11857
305925
94395
332291
316293
275834
332679
204990
148168
238742
205114
11861
129830
177660
347418
175840
315088
113465
205005
311554
315810
268691
340312
54608
307133
370945
344438
175360
113470
138412
139056
145243
353643
130161
346387
215290
129990
315117
187955
238717
137834
233605
145296
333060
145292
307176
145310
279798
371854
266560
371727
145241
270947
306064
5043
75584
266965
273249
266880
357625
266932
370192
308904
270407
266902
307390
75585
266680
204977
366984
204557
371729
343436
339177
145001
336748
266885
176047
340020
204541
161894
307429
115403
5097
233228
115244
266731
175434
117326
203446
315953
270390
279140
305987
371904
307156
203410
75661
307893
203544
238773
146678
159402
357710
146704
129856
270573
305975
206833
305887
266564
332718
340074
255882
259562
75631
332491
240582
175384
238790
333166
343423
11858
161878
131818
370422
129829
75633
145330
203432
175692
143975
203518
369114
11923
203483
145251
316042
270522
11929
183224
371899
104886
139564
314922
145075
233610
332243
240374
233113
333140
129786
270468
129834
75587
310267
266878
145290
11888
129776
145025
315606
369115
146675
305969
175707
361375
333059
206830
129874
266753
129956
370431
270486
371866
307029
146847
347445
307175
333164
370430
85471
63721
332304
314664
161946
316159
305912
353576
104111
371732
131824
346936
233104
75660
266925
13549
270388
339792
204531
371887
371885
339625
129863
316277
271316
203471
75643
130086
162037
137633
13550
337383
209343
132266
370434
307139
203374
215399
370940
215313
204549
105180
315660
266980
339637
333137
336745
129979
215311
333148
146853
129961
272676
175690
317079
305894
145019
161881
307885
145314
336782
175529
145295
233109
75708
54607
130001
267008
75710
349912
75672
266670
372024
255111
102804
146691
145433
172415
369172
215308
266937
271496
324127
272989
319217
334657
339627
115280
344710
129808
270410
102734
340007
132048
371856
315979
332583
315950
273236
145258
323641
204989
145076
266646
266707
272615
178820
258114
334856
337031
175780
266904
266663
129947
129908
93519
266597
316166
171578
315973
129806
145008
266762
332658
325421
115401
175683
371864
203383
277923
238743
147233
224221
145369
310196
266594
238823
370620
315612
115400
66265
205110
22370
238768
311550
130852
315978
371827
203442
369181
177659
105819
146671
238736
129512
175361
175427
314499
233249
266931
336751
204502
271320
75583
315619
130081
266562
5044
132050
206378
43041
340050
273142
325261
371736
233222
339778
266683
203549
129914
307095
276280
245155
104888
238776
175796
370954
266889
223979
337032
307117
145337
270955
337019
238751
215316
115795
233110
175801
233581
233111
270214
332303
307154
266667
314644
183237
129780
130013
145238
238796
366986
340034
101852
238716
240372
337738
334839
307144
206398
255648
240404
307889
233242
30176
266962
340132
311539
204980
266572
319253
176287
339157
316634
340136
203469
214448
238705
371900
91715
339081
205016
279384
175387
340058
146715
266905
257310
13563
233561
203612
337002
92734
266665
311541
266587
341240
233102
255864
175758
203535
238793
316278
175386
215307
371865
127588
178826
272677
54613
117645
337200
309044
307896
314638
325904
215403
13505
266690
334841
11891
13548
370449
183245
105014
131801
266915
129791
165628
307148
332717
13504
266930
270948
361383
307111
332252
318423
340022
361873
11879
145313
271303
259365
314929
205006
203548
325903
305956
130905
129867
371898
129964
357624
339781
337005
340752
315107
270344
259218
340046
129853
238688
271494
370446
266894
159963
315615
333063
266638
238707
203452
369110
129511
161882
315804
344892
146727
175686
176832
281462
73703
277889
305895
316148
146679
129986
340138
281411
233221
357015
114694
66245
203613
205004
361379
203494
175537
109716
203454
75693
315661
11903
323628
146630
233232
340072
335620
307416
102703
315607
340077
240377
308738
337389
307898
305950
110107
86416
183221
266714
175827
145281
145372
132057
314642
183247
215666
266588
129884
316290
124257
144994
215668
129912
130027
311548
271956
339173
54610
266578
369184
238767
266668
146720
233203
238786
315672
233264
175397
195406
175437
305973
340426
203499
307895
138507
175429
339537
315954
209346
224217
340125
143972
370436
13543
266691
92126
161883
306062
203558
175874
5099
307119
371450
314952
245138
146908
334432
204998
5047
137621
305883
339555
315621
137835
105179
361872
315673
314636
314919
129513
203371
266995
13400
129766
266579
175769
129995
131787
347831
145300
266901
75664
340517
266604
339176
333168
145299
333167
75581
266970
315993
318988
306031
310269
148162
205109
175410
94516
129976
175786
206379
255120
332487
145071
332687
129778
339163
129807
205017
319250
319242
203599
122174
130900
178813
146667
270477
102705
233265
346813
371869
238726
175837
279145
255117
334872
323637
233256
175700
315098
338576
307120
366976
131997
338298
305914
138513
349913
371896
279139
339193
321179
22373
233240
315616
266654
307145
266641
273251
340128
256263
75653
161890
178821
148141
266882
270217
233099
255122
371892
371879
266709
66100
238710
332299
307030
195607
145069
371840
54617
75641
145016
203428
203439
130078
338968
209446
266715
306007
94515
115279
344965
145086
216589
75697
11895
102733
336671
91987
340430
233573
215891
334848
332666
144995
307393
161879
337396
310200
254799
307098
54618
270342
161330
161947
203533
266899
203511
145349
203437
256670
215402
203531
94405
203591
145010
11898
203602
266934
174331
340035
267002
266702
175567
333145
316154
204560
138509
307164
307921
323632
130999
245144
175563
233241
337385
305998
307418
273238
270402
175426
102238
137613
161887
340069
307883
104891
255865
343433
337208
340144
130007
279144
94396
178824
267004
175380
195404
305901
130046
203486
266906
371860
270517
305892
203550
273425
175685
266629
204987
145357
129954
115794
371652
30191
30158
131794
203537
204538
189000
321175
371653
131998
266664
131943
54614
204542
174333
131921
176020
277986
22365
238779
215409
75586
94508
161945
337398
279800
175424
340506
339579
11900
315805
131817
270278
233218
339783
340127
102708
162040
307096
370611
268693
140778
139557
129895
5062
161335
310201
270280
130040
266726
203625
233194
332287
145006
307151
337025
336761
105262
337387
339793
266589
233713
266961
233575
266595
266603
238744
366951
183244
145367
131790
215665
139559
233593
315671
369664
92731
105015
129889
266876
347443
129943
146695
203381
279147
370942
272616
233819
11868
340131
11880
273807
233583
271305
339558
317076
145229
92974
175823
336785
75675
161403
130084
266972
224219
270940
22361
204985
307884
314950
138503
276935
102783
161950
129769
129903
146713
340014
129872
337744
22378
266916
332579
255871
75689
334847
11906
369660
238756
306027
344723
266935
347320
146862
271905
311090
266678
233233
341545
175423
131809
233559
203481
238774
369658
130011
307121
34456
175834
134041
145039
145370
183234
334837
129939
255645
139556
305986
129967
11913
129896
332713
336670
339569
203565
129996
334842
76906
129985
143823
115255
361380
146846
175832
266939
175394
336752
11884
175782
316157
340133
336743
129799
233564
334835
103408
273892
162035
137829
245405
266887
307888
145361
266561
273240
315981
129915
255125
131792
130045
332593
270219
175559
349919
203601
215317
30190
371846
233611
238797
146705
178959
370440
341236
183205
270282
233108
280657
280655
334840
266637
129832
336058
337003
316045
145340
129992
146673
307094
336779
340037
140204
131003
175790
332584
5089
131791
333061
280213
270949
203475
129904
371647
269765
266982
213732
255878
73699
204539
115888
129841
369174
335616
92136
270409
238689
188467
183250
266577
347304
188766
203396
370622
238727
145079
270945
75676
255874
366963
266998
115405
270481
266907
22377
233258
270952
242547
361374
129826
255110
145306
337207
270394
175388
280658
179088
140047
274655
255119
22362
75669
203436
175773
268692
271949
339083
11912
270259
104889
145309
238787
340145
146712
315094
131822
176833
75691
339100
175409
145271
370621
266657
95155
307903
145034
34475
370957
305881
103410
339340
238775
270405
259363
318995
255643
5038
88335
129965
233251
270216
203615
339601
306008
307147
339301
339633
332490
370438
266642
170806
273246
75703
357014
270274
175759
175802
145970
139424
175674
117323
266996
316162
195405
337743
255679
101714
131002
310197
204504
203530
340009
369113
371880
233082
145326
266687
161884
131779
13545
266921
270465
316160
146708
130902
203527
175770
323638
266647
339093
339789
339776
175552
369109
11897
175379
91982
145280
270417
321093
176049
245148
129887
115248
183243
307392
347444
145023
238803
129981
336059
337395
281412
215281
233582
175548
145066
337752
332712
130858
175555
203617
175678
145338
336791
337191
343366
366967
34465
307398
146859
339161
238741
266686
266566
233080
146663
215288
266945
137635
266721
268696
131796
307425
5100
75629
175680
111840
233077
11871
11827
245154
238799
204559
333149
178814
204534
314668
203596
266582
5065
129926
305965
88380
233821
307023
336665
105175
238820
245142
337028
266596
147899
49100
5094
307158
175793
171237
43346
145362
276274
183253
238778
306003
337196
175536
175415
161948
266733
266692
203606
370429
270512
91985
315663
129812
145267
139055
271268
341047
175826
13541
129792
75626
319247
269756
130028
307403
306030
75657
30174
215408
94507
130995
145263
255869
371875
340041
130030
334861
271947
307886
183251
175534
270416
177658
132054
339877
275857
307922
266666
175553
340749
139423
204582
276938
339630
139040
339131
240405
175382
266706
336736
145057
334829
266947
332591
371883
50136
339788
259217
306001
339158
340064
129514
30179
371217
233224
366973
124273
233101
279143
340054
309464
175705
238788
203556
145237
335902
238812
105178
276278
316279
316152
306004
129962
357012
340052
306006
129775
204555
270498
371648
131945
175875
341555
169983
255644
146706
175405
175403
245139
371847
130166
333162
130008
145218
161328
270343
30173
75686
192745
139426
94348
13503
336658
332706
205115
270406
333138
257312
315952
161888
339573
266940
335969
146860
215394
307140
307892
353484
233585
145304
36922
188436
344364
316282
353487
238702
339134
209454
115404
146861
129898
243478
129891
318424
145323
203424
340065
129868
333130
266993
30171
145438
369661
113463
105173
271267
129839
347442
337735
370947
75640
215406
233199
145000
22357
332254
101713
269953
175667
178811
115242
75668
183209
371844
366966
233274
145061
203498
5090
309091
339631
315996
336993
203443
311540
30160
175390
145346
339130
316286
203431
242674
175402
238730
115428
145022
307131
371654
92134
238802
145002
145435
266898
266747
266720
195608
307107
137612
332665
145268
175375
145434
240586
337018
332698
75659
266716
315620
266909
175795
307887
347423
337751
183238
305972
319237
266569
145301
266900
333619
339183
130159
307916
129983
187954
280286
146699
172411
270380
22379
270483
273804
130079
270415
305962
5039
145432
321177
129870
145293
172414
233590
102706
175421
131820
270411
75617
215315
203574
315995
187979
371848
214445
266574
314927
145043
66260
238695
316151
371843
11926
315085
146864
266999
270943
102707
145021
203380
103148
203570
310199
158366
115402
145315
307092
175542
75712
129794
305889
175406
130863
315099
13547
11874
310268
337392
334853
75658
340048
215411
369180
273243
307394
306028
130167
339184
75638
129516
266960
145273
314539
339779
333159
175342
310594
175356
340762
144999
204981
206829
144998
336781
259366
306013
336746
332678
339341
334850
266591
11927
366959
129881
75671
307400
339613
321287
273250
266694
175673
145364
139553
336989
139555
366985
175806
145354
344711
255109
175385
316039
233226
175435
271961
203519
371725
195402
371905
136534
129858
339615
307026
129871
66104
131804
371826
146698
176285
203495
203395
175430
366950
146857
332670
129923
271297
280331
266735
204978
75707
255877
275858
336790
271493
275856
266718
130041
340431
314917
175762
145270
175878
233079
129973
307112
203592
117324
337026
336764
369164
238692
204547
307408
145005
347139
203462
105007
171236
314634
316044
129950
270386
370952
266584
276281
144996
233075
266760
161951
183242
75616
162041
75680
75711
306069
316156
144997
243411
366993
240581
205222
129989
203593
315803
175836
371888
133872
233196
175371
238753
273233
315552
175794
280954
332705
233209
268690
223975
319243
102735
371649
114697
337390
204572
145017
233076
336760
129852
147900
337739
339609
176282
344712
145298
93521
255884
334866
203403
175438
336926
339559
305985
204543
340083
206377
311314
370939
305999
332493
233088
175417
316281
124256
145060
333151
92732
206406
203461
306010
115241
307402
314500
371895
370452
316067
175756
339583
204566
129862
340005
343429
233087
75624
238737
203505
315974
94400
238696
11882
238806
11885
161312
34474
314953
332455
146034
238772
332711
306029
204569
357016
203572
175963
75704
178825
178985
347295
266938
145374
314650
275821
203491
270346
306071
332686
94514
337192
245156
332578
233578
75628
109717
238777
370955
370946
340141
332295
255107
203517
146670
233586
238728
5077
340511
271301
145015
146863
366979
204505
316048
209448
340068
266661
11877
238811
314925
306005
245151
371724
22364
203627
22356
30164
203398
371663
11832
99537
131797
266920
271318
118767
275852
347135
270218
115928
203455
145228
176210
266685
175813
145232
117327
233239
268697
340427
307388
339595
316636
129968
11894
11864
340006
305917
306026
267007
49090
307137
315556
315624
11890
148163
129876
233081
336788
146701
255108
307134
145274
366953
145234
49105
270510
11829
340019
146692
336992
371850
145358
332576
370442
266908
371872
238801
268783
129865
147901
371656
240311
178923
267001
266645
270395
307890
266723
361876
338414
129945
305963
266699
11870
131793
315106
175533
233202
130165
175706
336749
340015
129911
203538
100206
131799
175408
175527
349918
175789
366974
175682
340130
92737
131812
370625
204554
176021
339589
371664
145040
266988
266585
143974
147232
130164
341239
145305
280496
332656
266755
238748
324423
145329
175368
183207
129974
268701
318378
137622
148136
203474
91983
336654
30186
316147
175433
240378
175779
315555
332488
347316
334851
49109
176281
266671
279738
333144
276681
13509
175367
307104
332662
333142
366987
129901
371894
5098
13552
203603
238709
204532
129953
266968
233252
315608
203605
233074
336664
271306
130996
266891
338575
91608
115886
314913
333058
276279
102704
344717
147231
129883
203404
238817
88541
348918
161889
371870
238740
145054
233208
203528
217416
315799
91728
75678
316285
145007
369667
203392
233589
370610
203534
30161
123394
339098
370193
94385
337020
240695
11869
306016
75576
146852
317124
334871
307405
315623
146717
339529
319220
105177
203384
5092
203435
5036
370453
315611
147234
307123
307401
366962
270478
145255
305905
311555
357623
161337
314670
124610
340017
238713
145431
307142
206380
145215
145318
273847
323738
129866
305991
344716
161891
279797
238757
371723
204996
203513
273138
336769
266946
271287
130006
131803
13546
314628
266875
258077
75637
145045
270496
340147
270338
332657
350259
270252
305886
307174
319245
307097
277988
175766
270286
238703
203624
188433
340076
188793
340061
137836
339775
36935
105261
145219
270391
371886
233195
266590
145355
137629
311538
178819
238718
115247
270408
233235
366975
340140
145368
316040
307178
266927
339172
145353
315670
366955
11909
307152
132049
272977
316046
94390
366988
203460
307025
266700
138223
314949
238798
30185
178809
371841
370448
333066
138505
11918
145264
370441
204546
223161
213011
307126
129897
175665
333123
332308
307113
371873
307099
145050
340075
129857
175378
94511
344714
