pk_event_dim
79797
79799
79800
79801
79802
79803
79804
79805
79811
79818
79819
79820
79821
79822
79825
79827
79828
79829
79830
79831
79851
79862
79864
79865
79866
79882
79883
79884
79885
79886
79893
79903
79908
79910
79912
79947
79958
79960
79962
99692
99693
99694
119337
367530
367531
367532
367533
367534
367535
367536
367537
39188
39420
39421
39422
39423
39425
39438
39452
139513
139514
139515
139516
56548
142188
79965
79966
79967
79968
79969
79970
79971
79972
79996
80004
80008
127627
344060
90451
90452
90564
144985
195826
195827
195828
195829
195830
195831
195832
195836
195837
195838
195839
195840
195841
195842
195843
196022
196023
196024
196025
196026
196028
196029
196030
196031
196032
196052
196053
196054
196055
196056
196057
196058
196059
196060
196061
15896
15905
15916
146792
146793
146794
146795
146796
146797
171191
171192
171193
171194
171195
171196
334807
115675
328780
76977
196340
278825
24018
24019
170827
170828
170829
170830
343290
50989
51006
51007
51009
51011
74689
74740
74747
74749
74752
74769
74771
74772
74774
74777
74851
74912
74918
74923
74929
74999
75000
75001
75002
75003
123077
123080
123081
123082
123083
123084
123085
130282
137186
345450
345451
345452
345453
51039
51049
51063
51067
51069
111890
111891
111892
345193
345196
345197
345198
345199
345200
345201
345202
360571
75333
75334
75335
75337
75338
75339
75340
75341
