pk_event_dim
165
167
172
173
174
175
176
218
220
221
222
230
231
232
233
234
237
238
240
249
250
251
253
255
15671
15699
15700
15701
15702
15709
15711
15712
15713
15714
15715
15717
27634
27637
27641
27642
27646
27648
27650
27651
256
257
258
259
260
261
263
264
8922
8925
8926
8927
27652
27653
27654
27655
27658
27660
30199
30200
30201
30202
30203
30204
60491
60492
60510
60511
60512
60513
60514
60515
60516
60517
60518
60519
164
262
265
271
272
274
275
276
277
278
282
283
284
285
286
287
288
289
290
296
297
302
303
305
306
307
309
310
311
312
315
317
318
319
320
321
73183
73184
73185
73186
73187
73188
73189
73190
73191
73192
73193
8921
8923
8924
8938
8939
8940
8941
8942
8943
8944
8945
8946
8947
8948
8949
8950
8951
8952
8953
8954
8955
8956
8957
8958
8959
8960
8961
8962
8963
8964
8965
8966
8967
8968
8969
8970
8971
8972
8973
8974
8975
8976
8977
8978
8979
8980
8981
8982
8983
8984
8985
8986
8987
8988
8989
8990
8991
8992
44509
44715
44716
44788
44795
44796
44797
44798
44799
44800
44803
41801
41832
41833
41834
41835
41836
41837
41838
41842
41843
41844
5762
5764
14688
14691
14692
14695
14697
35045
41598
41599
44807
44808
44809
44810
44812
44813
44815
44817
44818
44870
44871
41605
41608
41609
41610
41612
41615
41616
41619
41620
41621
41622
41626
41627
41629
41630
41632
41634
41635
41639
41640
41643
53642
54385
342
10183
10184
88831
88832
88833
88834
88835
88836
88837
30224
30225
30226
30227
30228
30229
30230
30231
30232
30233
30234
30235
30236
30237
30238
30239
30240
30241
30242
30243
30244
30245
73234
73235
73236
73237
73238
73240
73241
73242
73243
73244
73245
73259
73260
73261
73262
73263
73264
73265
73266
73267
73268
73269
42213
42214
42215
42216
42217
42218
42219
42220
42221
42222
42223
42224
42225
42226
42227
42228
42229
42230
42231
42232
42233
42234
42235
42236
77344
50975
50977
23052
23095
23097
23098
23099
23100
23101
23102
23103
23104
23105
23106
23107
23108
23109
23110
23111
23112
23113
23114
50969
50970
50971
50974
50976
54386
54387
54388
74439
74440
74441
74442
81202
81205
81294
81297
81301
81304
81311
81314
81318
81319
81320
81321
81324
81326
81331
81355
81356
81357
81358
81363
81368
44872
44874
44875
44878
44880
44881
44882
44886
44887
73270
73271
73272
73273
73274
73275
73276
73277
73301
73302
8928
8929
8930
8931
8932
8933
8934
8935
8936
8937
81196
42206
361068
360754
337326
337246
337245
337242
329052
329051
328300
8993
8994
8995
8996
8997
8998
8999
9000
85475
85555
85556
42237
42238
42239
42240
42241
42242
42243
42244
286467
286466
286465
81370
81373
81375
81377
81379
81380
81381
81384
81385
325587
285754
30205
286464
42245
42246
42247
42248
42249
42250
42251
42252
42253
42254
41845
41846
41847
41848
41849
41850
41851
54389
54442
54481
325738
324560
230847
230846
230845
230844
230843
230842
230841
230840
230839
42255
42256
42257
42258
42259
42260
42261
42262
42263
42264
42265
230838
230837
230836
230835
230517
367224
353648
353647
353646
353483
353482
73194
73195
323619
324812
285700
285699
285698
285697
285696
285695
285694
285693
132267
98290
125172
42266
42267
42268
42269
42270
42271
42272
42273
42274
42275
353481
353480
353479
353478
353477
353476
353475
353474
353473
353472
353471
125171
125170
325586
325585
325584
325583
325582
257088
256805
256804
130233
316770
73303
73310
73311
73312
331578
331577
331576
331575
325588
44888
44891
44893
44894
44895
87494
54482
55438
55442
55443
55502
55505
55506
55507
55510
55514
55516
55518
353310
338496
338495
338494
338493
338389
338388
337124
337123
328574
328573
256803
256802
256801
256800
256799
256798
256797
256796
248782
224028
103036
74445
74446
74452
74453
74454
74455
74458
42276
85589
85590
85591
85592
85593
85594
85595
85557
85558
85559
85560
85561
85562
85563
85564
85565
85566
85567
60520
60521
60522
60523
109173
109252
109253
109254
109255
109256
109257
87495
87496
87497
87498
87499
87500
87501
87502
87503
87504
87505
73314
73316
73317
73318
73319
73320
73321
73322
87594
87598
87599
325853
325852
325851
325409
325408
325407
325406
325405
325404
325403
325402
30246
30247
30248
30249
30250
30251
30252
30253
30254
317608
317566
15718
15724
104877
353651
360692
353901
349646
349454
107906
224027
224026
224025
224024
224023
224022
224021
224020
224019
177663
74459
74464
74465
74467
74468
74472
74473
74672
74673
74674
74675
74676
74679
74680
74685
74692
74693
74694
74695
74696
74697
74698
74738
74742
85596
85597
85598
85599
85600
85601
60493
73203
73205
73206
73207
74745
74748
74750
74751
74754
74755
74758
74759
74760
74766
74767
74828
87600
87601
87602
87603
87604
87605
87606
87607
87608
87609
87610
109258
109259
109260
109261
109262
109263
109264
109265
109266
116470
117530
87506
87507
87508
87509
87510
88578
99179
325401
325400
325399
325398
325397
325346
311676
311638
311469
311468
311396
196709
196708
30255
30256
30257
30258
30259
30260
30261
105963
105843
105808
105763
188369
177662
147473
144710
140521
140520
132896
125150
117641
104022
98293
98292
73208
73209
73210
73211
73212
73213
73214
73215
73216
73217
73218
74833
74837
74839
74840
74843
74845
74847
74848
74853
74854
74864
74865
85568
85569
85570
92647
96481
96498
96506
96507
96508
96509
96510
311395
306111
306110
306109
306108
306107
306106
272746
272745
272517
98291
125169
125168
125167
125166
335627
335626
335625
328234
325877
73219
73220
73221
73229
73230
73231
73232
93973
74868
74869
74870
74871
74907
74911
74913
74914
74917
74919
74920
74921
30262
30263
30264
30265
68685
259820
265418
265419
265420
265421
265422
272516
272515
272514
271940
271936
271857
271757
271756
268060
268059
267668
280976
223900
195810
195809
195808
195807
195806
195805
195804
195803
93971
92642
92618
85605
85604
85603
85602
96511
96512
96513
96514
352373
352372
352371
352370
352369
352368
87611
87653
87654
99293
99294
99295
99296
99297
99298
99299
119880
119918
120040
120041
120042
120043
120044
120045
120046
120047
120048
267495
267494
267492
265605
260838
259327
259326
259325
259324
259323
259322
195802
195800
171481
171480
171479
171478
171477
171476
171475
171474
171417
140484
138141
138140
132848
125050
125049
125048
125047
110762
55520
55522
55524
55526
55528
55530
55532
55534
55539
55543
74447
116418
96520
96519
96518
96517
96516
96515
196083
120049
120050
120051
120052
120053
120054
120055
120056
120057
120058
120059
74922
74926
74927
75028
75029
75034
75035
75050
75051
75053
75064
75066
265423
265424
265425
265426
280897
281241
281242
281243
281244
281245
259321
259320
259319
259318
259317
259261
259260
259071
256940
245396
110761
110760
110759
110758
103673
99026
99025
99024
99023
99022
99021
195978
117619
109246
109245
109244
109243
109242
109241
109240
109239
109238
245211
245160
243744
349988
75104
75112
75119
77091
77094
77097
77099
77102
77105
77107
77110
77113
120060
120061
120062
120063
120064
120065
120066
120067
120068
122279
124571
99300
99301
99302
99303
110738
110739
110740
110741
110742
110743
99020
94411
94410
94409
92998
81390
81391
81392
81393
81395
81396
109237
109236
109235
109234
109233
109232
109231
350276
349987
349986
349985
349984
349983
349982
349981
349980
349979
349978
349977
74449
74450
74451
74460
74461
74462
74475
74476
74477
74486
74566
74567
77115
77116
77122
77124
77126
77128
77130
77132
77134
77136
77138
77140
81397
81398
81403
81423
81426
81430
81432
81433
81434
81436
81437
81438
349976
364323
364322
361869
361868
334323
331868
331867
331866
281246
281247
281248
281249
281250
281251
281252
281253
308776
324813
110744
110745
110746
110747
110748
110749
110750
110751
124798
124864
124865
81439
81440
81441
81444
81445
81447
81478
81479
81480
81481
81488
81489
77142
77144
77146
77148
77150
77152
77154
77156
77158
77160
77162
77164
331865
286525
286524
286523
286522
286521
268202
268201
74573
74576
74577
74578
74580
74582
74583
74588
74589
74590
74591
74595
77166
77168
77170
77172
77174
77176
77271
77274
77276
77278
77279
77281
324814
324815
324816
324817
324818
324819
124866
124867
124868
124869
124870
124871
124872
124873
124874
137084
137085
138900
138901
138902
138903
138904
138905
138906
138907
138908
81494
81498
81502
81506
81507
81508
81509
81510
81512
81514
81517
81518
261868
261252
259738
259369
246846
241051
215269
77283
77285
77286
77287
77289
77291
77293
77294
77295
77298
77299
77300
74596
74597
74598
74599
74600
74601
74605
74606
74609
74667
74773
81519
81521
81562
81563
81565
81566
81568
81569
81570
81574
81575
346197
345337
357420
357419
357418
357414
357413
357399
357398
357397
357396
137086
137087
137088
138028
329469
329470
329471
329472
329473
138909
138910
138911
138912
138913
138914
138915
138916
138917
138918
138919
77301
77302
77303
77304
77305
77307
77309
77310
77311
77312
77313
77314
81576
81577
81578
81581
81582
81583
81584
81587
81621
81622
81624
357395
357394
355334
355333
355332
355331
281791
281790
281789
281209
281208
77315
77316
77317
77318
77320
77322
77324
77326
77328
77330
77332
77334
281207
281206
281205
281204
281203
281202
281201
281200
281199
281198
281197
281196
280729
271491
271490
271489
271488
81625
81626
81627
81634
81638
81639
81640
81641
81642
81644
138920
138921
138922
138923
138924
138925
138926
138927
138949
147480
77336
77338
77340
77342
77345
77347
77349
77351
77354
77355
77357
77359
329722
329723
329724
30206
30207
30208
30209
30210
30211
30212
30213
30214
81645
81646
81647
81650
81652
81653
81655
87531
87615
87616
87619
87620
87621
87622
87623
87624
87625
87626
87627
87628
30215
30216
30217
30218
30219
30220
73370
73377
73379
73382
73384
272473
259522
259521
259520
259519
259518
259517
73385
73386
73388
73389
73390
73392
73408
73409
73410
73411
73439
73443
73444
73445
73446
73447
73449
73450
73452
73454
73455
73456
73458
73459
259516
259515
259514
259513
259512
259511
259510
259314
77361
77363
77365
77367
77369
77371
79849
96139
99056
99101
245291
216674
216673
216672
216671
216670
216669
216668
216667
216666
216665
216664
216663
216662
216661
170558
170557
170556
170555
99102
99103
99104
99105
99106
105762
281254
285757
337125
349691
361864
170554
170553
170552
170551
170550
170549
170548
170547
170546
168438
147963
147481
162288
168388
168389
168390
168391
168392
168393
168394
168395
168396
361865
361866
361867
99111
99110
99109
99108
99107
363489
363488
147897
147399
138137
138136
138135
138134
138133
138132
138131
138130
363483
355357
349841
349840
349839
349838
349837
349836
349835
349834
349833
138129
138128
138127
138126
138125
138069
122234
122233
122232
349832
349831
346924
345867
345866
345763
337129
336586
336585
336584
336583
122231
122230
122229
122228
122227
122226
122225
122224
122223
122222
168397
168398
168399
168400
168401
168402
169782
169783
169784
169785
169786
73463
73499
73500
89183
89191
91749
91781
98697
122221
122171
121125
117780
115848
110449
110448
110447
110446
110445
110444
336582
336581
336580
336579
325129
325128
325127
325126
325124
325123
325122
324486
110443
110442
110441
110440
110439
110438
110437
110436
110435
100835
97861
324485
324484
324483
323235
307378
280967
280966
280965
280964
280963
280962
97860
97859
97858
97857
97856
97855
97854
97853
97852
97851
169787
169788
169789
169790
169791
169792
169793
169794
169795
170679
188844
280961
280960
272808
272015
269116
268423
255669
255668
255667
255637
97850
97849
97848
97847
97846
97845
97844
97843
96722
96037
188845
188846
188847
188848
188849
188850
188851
188852
188853
188854
188855
90894
87633
87632
87631
87630
87629
245686
194600
194599
194598
98772
196718
344561
188856
188857
188858
188859
188860
188861
188862
188863
188864
188865
188866
194597
194596
194595
194594
194593
194592
194591
194590
194589
194588
194587
192595
224160
224159
224158
224157
224156
224155
224154
132217
132216
132215
132214
132213
122684
122683
109100
109099
109054
109053
109052
109051
109050
109049
109048
109047
109046
109045
109044
109043
109042
108922
108022
188867
188868
195300
195369
209445
209374
325136
325135
325134
325133
325132
325131
325130
324481
324065
272595
