pk_event_dim
136639
119956
54904
51824
55047
119985
233162
224036
120763
269871
96489
55187
54952
80532
54898
228237
119953
54970
61044
97408
88822
120702
54964
266070
100722
55208
91148
55074
273990
120718
43488
279131
328540
317756
43400
55177
317755
233146
43210
43028
114315
360192
120747
328547
328524
68730
122376
54716
266187
55034
80845
55210
328282
120771
55132
55133
136652
233154
358437
110849
54892
54990
55045
259254
55140
233133
233538
285852
136641
54896
119983
228069
120731
328297
233131
55086
119946
61043
322847
55126
328532
54687
259811
90334
12938
25003
54973
55215
136634
228086
50611
121214
55166
120001
54692
55145
120773
259803
279130
279133
41509
90525
224039
54836
54852
55209
328538
332082
119993
328521
55064
54976
54960
322845
54948
54873
80852
120734
328291
228067
54878
54997
136657
328528
54849
91149
228068
51725
233165
55022
54714
328539
119974
55087
114906
25982
55078
55127
55028
80755
85717
233139
13047
54817
54934
323533
49485
54713
80666
54989
54686
332572
121229
55014
114564
120746
96488
25056
120754
114313
236405
114314
216219
308848
273985
120764
328499
228062
228071
345590
13020
54943
136640
108983
136660
55142
120737
328292
39296
136653
120775
55021
54808
233481
328490
54991
88146
114902
187386
55056
259805
332574
119958
233479
87093
55179
55218
328287
54897
120712
114316
54483
57596
273319
55077
120709
233163
25699
328500
233168
328536
114559
55008
38691
120738
43410
13016
54848
39652
88143
55083
121224
54907
121227
55180
228072
54866
254997
119987
80813
12936
281653
136672
328294
87142
152163
120766
13069
96487
328506
233478
55049
347865
55053
358430
55170
119975
358429
233149
187747
55211
88142
254996
249030
328497
120767
55139
228065
328523
13019
121231
54850
54955
177450
87095
6950
358435
94201
120711
61041
25983
187319
210248
273271
360190
120715
54885
57599
51726
328284
55026
54811
273987
55043
54877
120753
54804
54996
259100
371561
136662
249031
55063
210243
38688
55123
54972
55082
43475
55017
54956
136637
328533
88138
120736
100729
120700
210244
249034
356945
55079
224040
68729
50478
88147
55202
13088
210246
55044
80898
41443
55162
233482
120752
54861
100727
195467
54689
41507
100730
120765
267865
120013
100731
7263
328548
54810
13018
121211
261865
119989
120735
360184
228140
120750
370638
328517
120009
55176
285851
119988
328296
322848
279132
55071
333109
55025
43402
16069
369618
13089
121226
25052
55181
55164
94203
120714
333025
80667
93214
216803
233160
228078
55057
54822
233136
102622
119973
55055
233130
54851
328542
25696
80851
114560
99824
117145
120003
120014
55000
60562
57598
233161
120729
114565
136645
119972
236407
228064
54815
61040
55184
120705
120716
55151
120733
273983
130984
233480
25984
55207
54906
228085
328518
55183
54895
55174
210247
25714
121235
99156
121223
120708
204606
285853
55160
54944
54901
233152
120698
204605
13049
38690
121218
88137
25643
80850
54688
228236
54876
96045
88820
266182
55194
54719
273988
120004
120720
87141
54995
54902
114318
25055
136655
54992
119947
281400
43570
55001
273989
91150
55214
120000
328510
55061
55024
87097
341095
55121
55117
119995
43414
120741
356944
328495
43415
55157
120706
120744
114562
228070
114563
281404
55204
55212
54844
54862
55165
229985
328531
309468
102647
119981
273976
360183
360189
80847
120768
87123
169799
55167
54974
136632
80848
55156
249033
328544
328289
121237
25694
55098
266186
54903
55092
120770
119997
88821
55041
55059
260744
54823
41441
54968
120759
108982
121234
120776
328522
54875
90336
55067
136643
224035
136664
204603
336829
266188
120005
328519
119959
120006
328191
114317
54963
55143
261579
360193
114903
328503
119978
358433
55193
55205
7124
233499
273984
328516
55091
233164
43033
61042
43211
248815
54718
204604
125661
187746
333244
261577
55135
25054
328725
126222
247253
273975
233541
85718
54954
114901
308899
358431
85716
55051
55006
41613
328351
54940
136667
233150
229046
120742
87096
129061
233142
119952
25980
55090
347866
54824
54994
100726
55130
87143
94130
119948
54977
97409
138562
120732
43208
233156
120727
55076
281655
121213
328280
266185
328298
266190
259802
54890
328290
54950
25647
358436
317754
100723
136651
43407
55171
55188
119990
120011
54986
54858
54980
119980
281396
206989
54864
55093
273980
136648
96486
114311
233539
260546
358432
102623
119949
24149
233153
233145
233147
360188
39501
54975
233157
87125
13092
328534
360185
115682
119970
43412
328520
54899
233128
257106
119986
332573
13017
169798
54870
55216
249035
54936
55002
216217
54679
334472
54696
25695
136638
54965
55200
54998
55168
120743
54871
187749
12939
259808
50700
120012
91147
269869
54721
54843
55080
259799
54889
259801
55094
54712
259800
233126
138564
55178
119976
138560
94132
41994
328501
54682
119955
120740
80849
38689
120002
54935
55217
138561
55186
121232
54693
55116
128132
158326
88898
187748
54933
119964
328288
119991
55069
102649
337755
88141
61328
119954
54690
328526
55072
55031
136642
55172
328281
55192
328507
54891
54883
88144
25981
120757
54909
136647
273991
328537
273982
136654
13070
68346
338937
35041
114312
257109
88148
102646
54983
233134
68347
25985
43403
336478
25051
55119
371559
332571
120726
55075
360599
119961
328285
55197
233540
93219
55122
136670
120777
54947
328496
120699
136644
253185
269872
119957
55355
54949
260494
44311
271169
228326
77084
73918
115131
128513
325090
210844
73670
37830
202969
344689
124729
370315
176086
134748
7262
77074
249213
44365
69753
39666
259162
39667
73671
176251
270932
371911
171070
115791
41524
196138
319047
133897
361168
39650
161339
344690
174778
68377
357522
81631
228221
122465
269479
309173
80
304281
139452
188486
209457
109390
134956
120539
328271
210842
209396
86506
268194
158613
42602
134747
136768
109380
87381
125556
305379
357622
142564
132906
323418
194435
205944
99033
36340
180144
99198
276973
68376
305378
260866
91678
106492
38445
194433
275682
258406
268193
239813
93654
95808
112891
147257
119624
268192
106941
90232
310880
113681
157537
91675
280282
144972
353741
370601
107822
111231
112165
176313
39685
122603
316859
67780
124816
114282
271170
112315
277418
168374
214439
228220
204497
229508
316756
107861
309659
122919
316297
158470
41997
268191
147878
331757
42296
206203
13680
268190
129811
195746
37235
110461
65458
39845
341815
10121
75
142565
88693
319282
85949
147903
183302
77068
350282
88692
109067
36523
41527
119737
37832
33806
139043
266614
67781
209897
176292
120342
177150
72669
176452
194702
278383
101055
171069
77066
84625
222985
230006
335497
178785
322508
319048
103666
309658
318855
43384
229074
65468
258039
177323
88577
188586
107430
162324
77069
318217
115902
214440
43244
363860
371910
353742
121202
12553
188452
179232
120369
315771
73638
340575
84873
350264
39732
12461
316007
115792
178768
310996
77073
10263
142183
113739
322422
126078
74120
125482
27966
74423
66315
27918
51661
48872
51628
309707
51417
41431
15200
27931
85730
7212
114913
14330
51659
51595
130451
114776
50402
42054
14477
106469
14240
74121
42004
142476
79161
261033
14499
51569
14275
172230
92357
51612
14377
51458
51670
179114
51674
42003
71
42023
92346
14528
14422
124813
51793
130459
114235
205526
14327
130458
104902
109754
96597
14459
239440
14437
27927
51440
14174
51626
7187
14524
74424
74106
43526
54562
85684
347778
7174
14366
261098
55352
142554
370790
14494
127058
27953
114838
94968
94806
128603
14285
305797
27949
14510
51611
51542
347777
14446
106792
233465
14447
5294
51382
55827
6885
51404
7171
51381
14409
14353
114766
114771
114774
14319
14331
51457
201744
7678
258108
114669
122973
114765
103026
14420
128304
318734
14521
14207
91256
14498
27986
79167
14286
27912
14421
14278
27957
27926
125828
172387
14175
51693
51535
51807
172388
14435
121938
14266
143296
130431
14398
316412
51705
51637
27983
128601
119088
14345
105947
51656
114236
74422
83491
7186
51394
14424
51432
6631
51657
120945
114767
83739
7219
43507
130644
233467
66316
79160
239045
114234
51527
54564
51461
14170
51638
15199
41432
51676
14272
14496
132277
14508
14253
27989
114841
125945
14361
51444
14413
239745
171498
51647
115813
115874
86400
130441
85685
14384
114880
51446
88894
114702
51565
130429
120406
51604
51451
85695
14198
14414
51418
14512
41698
87054
115574
130447
42020
51388
241047
172386
14339
14281
51378
7285
37951
206003
130453
126530
140453
42052
14425
130416
102148
27940
14181
14188
14432
230370
172355
14265
51551
89751
7277
74102
14393
51435
7286
130448
14518
130417
51544
120408
27924
127061
73503
14314
51538
39873
114775
27951
14468
51431
14367
51592
258109
27954
27963
14516
51400
14328
51614
51437
259198
119089
42058
51786
51692
39694
6987
329765
14296
42050
15187
14492
14513
14153
14357
90973
113683
7673
7215
43523
130457
233466
14381
122884
51441
14318
51543
7220
130449
122883
42056
37890
5293
124985
7193
14527
14300
74429
14179
39601
14351
114237
14258
51562
7281
51790
51665
51655
39486
80908
27948
6629
87819
41496
7745
90586
261086
128309
14344
66433
130647
139044
273268
228784
74425
14514
119087
14255
114245
51687
160802
14335
14209
241049
7229
51636
14415
258111
84623
51392
51673
27981
39796
85818
14442
127598
51420
51668
238892
42277
50401
92358
7184
51682
39788
88895
261094
14128
42002
41998
95240
27920
14497
14260
172350
316052
127186
14371
241050
14493
51376
14488
27964
89776
42025
14329
114769
42010
14346
229520
14396
109757
51704
6827
99639
36269
51556
114764
206001
14450
27958
42049
92360
130455
85667
51667
6630
14428
51383
103027
14273
51456
14308
42022
14235
14241
51577
114779
74103
7680
127786
15195
14438
115814
14210
51805
51584
74428
92505
51640
115812
51447
51666
27961
86399
172349
120078
14399
14482
51478
89898
98952
14251
74128
92351
4
14400
42018
51552
51384
14299
51678
27978
39798
103404
43511
115875
51609
126165
151377
14429
14291
14525
14298
34985
109758
111888
130438
15191
51389
41699
110722
206004
101053
14325
27934
51586
5288
43592
14304
51672
42280
14386
14426
86401
239346
74427
27972
51600
51415
51438
108993
51536
43267
92344
87053
132570
92361
42005
92347
14359
14453
14411
51842
14451
14194
14334
51660
14280
139047
7739
27916
85693
14387
336485
109753
76309
51541
304372
114778
27932
51605
119194
116493
127188
14515
27979
14250
15192
27982
27915
241046
51574
51700
143293
14481
14407
55826
7192
92353
160803
14506
90974
27919
92359
14320
27937
51377
15201
39789
14495
95241
50668
102898
102223
117405
51546
74153
14246
14486
73546
51402
14244
51783
51594
92356
114981
103126
43482
43595
92507
316414
106471
261090
130645
14303
128308
128306
242408
43449
130435
51851
7682
51789
51675
14471
109756
74392
51582
316415
124595
14221
90612
27987
87052
74151
85691
50396
14505
130643
51406
94805
370789
14249
71051
14171
42057
14416
86231
261092
14322
115811
14436
125763
261084
7283
51625
66437
84471
233340
114842
51555
27930
7214
14208
51616
125827
14307
41999
92354
7183
74426
91254
14282
51572
172348
14430
51380
114780
14252
14239
201752
241048
7168
39880
106470
172261
51623
51587
51443
89281
114759
74150
51635
99699
51433
96617
14375
51681
51651
51375
51570
242868
7280
83490
7683
43524
51405
14485
50669
230551
14312
118726
85729
51571
51694
79155
14419
14456
51401
8567
119241
261096
51454
88896
51453
51645
51576
27914
142552
51663
143299
14236
44029
230552
51553
51708
16028
74101
307846
143298
7681
27985
120944
51627
14520
73437
34788
14264
51629
48878
14522
51525
230550
51422
94804
114760
14418
51664
41430
14379
51448
7190
14402
14392
92979
14267
7674
27946
14433
126567
339347
14347
8552
72663
85682
51430
127056
74096
51615
14183
7176
143300
91255
15193
205935
160801
5289
7009
132246
51537
120023
109755
14408
43452
51598
233463
117404
103403
51414
51578
7684
103405
14288
243760
7217
42011
51590
241045
14276
51557
7677
41497
130430
109752
86402
84333
103029
14332
14391
51554
51462
27977
14472
42007
39394
51850
51591
316413
99697
85683
119395
15120
340279
260358
260687
103972
246077
18793
339827
118019
313979
129433
266242
332413
147826
135125
174539
372086
154560
55480
314519
131698
266248
92398
340460
105055
147063
202556
239667
243526
243491
202286
52239
161689
46630
139583
231588
50647
243264
207089
259105
20145
268763
93039
30841
125807
339353
128093
368482
15034
246515
69995
113689
209465
270697
15076
96114
92761
124432
139541
177409
132735
273741
115339
147067
316210
118528
308111
213717
246042
25620
307772
80523
333942
73992
123479
139549
372063
369219
19200
270890
231047
202173
365068
20007
118014
365021
269796
248796
19199
316213
112563
207277
202708
147044
339891
311025
357430
372043
132526
245779
332558
103999
230274
80236
315877
314711
334261
20042
246255
141115
152025
134390
146950
132740
332539
245021
334642
369303
135133
161693
204795
223609
103573
309339
152542
336148
314776
307779
209295
314048
205236
78642
340563
308140
231028
130689
372122
118230
20649
368664
323437
120828
271866
178376
266398
151496
20174
201841
240189
15009
210302
80502
266385
339375
273472
50783
309470
340491
125783
14086
46100
19932
93101
243191
204925
207223
309752
156938
160774
15031
11346
15089
146620
315875
271614
271562
206122
19347
93084
141364
131024
333330
152138
333941
136180
178029
268732
38219
346282
73927
370374
340284
92598
131752
146825
14093
269793
331852
240347
339285
204073
144717
46488
214644
110700
159950
277655
201859
267381
13911
248791
114994
118030
339319
14083
328713
143064
372200
19988
314019
156998
18963
20637
139723
96676
244887
240531
14042
243238
139631
143031
245110
20184
175523
93113
307319
125710
309829
336198
97418
114737
320701
307754
308303
267675
315058
93166
308150
14009
56546
314172
243534
93189
340609
20030
123276
314186
128141
194833
15052
372091
134384
148186
315038
160405
213712
19924
309928
213710
307994
333747
178381
146258
54582
246050
209336
6260
29265
308344
266025
334250
338974
314784
334614
130801
20117
245782
316448
19703
204064
347428
213192
178621
204066
129539
44237
308263
83350
308359
45834
133913
369370
308135
365076
207347
243716
12868
333508
341403
368494
131182
38316
152041
178374
206129
134371
340931
103576
314683
334258
80203
92603
15032
93906
223550
317459
76164
174082
368667
92757
340108
212954
146814
247403
15064
13988
113946
318410
179234
270886
92992
314097
6274
309317
238915
93813
80745
178021
339922
309207
93167
259246
249138
9509
177980
130344
339918
19949
93203
201846
131021
46328
365009
267673
315070
19967
19729
80226
178620
314126
266002
209603
281379
179227
340346
206993
130330
223545
280334
308310
46184
270358
114993
243195
340234
206210
134083
340457
102769
248973
80170
14024
269795
243239
23258
339715
130588
45841
94844
245556
371964
119033
15372
146299
187366
19136
369465
114921
259655
333320
152180
242903
246887
140024
243424
130346
178050
333531
13979
134135
148121
271874
125782
340276
93676
119792
205909
52924
42579
340442
268821
93151
103937
339290
93175
93050
96115
244849
213214
308109
332423
278860
339316
188808
55476
340273
77899
286483
213388
201959
19939
15606
54580
365038
114732
249140
271252
270930
285857
336862
80450
80464
277557
45845
42513
175294
339703
341172
314735
365036
201870
223549
132838
338939
20172
50872
195144
106815
120839
117246
341056
314559
232976
268431
117751
43781
146431
113561
202308
115376
372039
19189
368437
157012
204726
339746
233419
147029
323747
171654
310524
173146
230338
15113
90556
129134
141499
214677
273473
336805
76169
209616
344066
20011
246953
80392
314892
315151
269502
100470
147156
370974
243517
243377
364246
309267
83771
270877
314610
132134
114856
118104
206662
15030
152308
202973
17887
80173
339271
152172
118107
115866
204062
125708
45852
118555
309297
202309
323939
20045
15133
92865
194507
45795
146416
177063
266415
213385
152549
336208
29142
66787
205415
15351
95861
117249
248800
154720
340676
371772
243545
25588
270988
45753
14940
206777
151491
324179
11327
134006
115849
338987
119048
128140
20143
372034
15336
314748
209399
80737
269486
372019
314991
127487
344189
145557
106751
45995
372118
339753
310645
323745
187368
340152
80431
15055
214693
321274
345768
45998
339824
309285
188688
93646
92770
339935
46093
98371
115217
177963
20024
339470
271876
139317
151534
333372
93094
243651
124973
333364
160861
340154
14948
240530
246079
13888
123144
307774
278341
147959
147717
138559
46590
151497
133911
217119
152316
271047
14908
103878
266240
339364
14947
370325
365017
243652
243532
109381
202348
144730
314743
121082
15014
340249
310497
343328
188683
332424
262580
339147
308260
119038
152057
315050
231031
339122
206206
171652
314900
332740
177924
339247
243192
105847
133912
78638
52258
243443
246828
213531
159799
339461
183090
338975
98360
372021
140189
101171
92756
135545
146436
15095
313970
93161
125201
159750
161657
259040
339258
177895
93169
132382
339723
210524
368628
125527
100895
15136
83777
174085
247562
228712
112585
109327
168256
98362
177622
341111
317702
204686
315077
309837
315152
19691
247653
336390
308142
103899
178963
246861
114959
11157
117302
271127
69996
117297
275419
372201
93048
197406
73722
20542
268433
173450
11342
349624
93719
73737
101165
179966
345811
136168
157028
340663
231590
80166
271135
317931
239039
135643
94212
334753
296246
333564
102873
188310
44018
269784
15010
333945
281295
44161
310953
93142
161380
204436
92585
187305
332742
120936
12588
118534
52234
45800
339505
239672
152522
367427
334497
228428
38337
39696
267164
317622
74115
210667
39704
370965
197179
309411
144986
112392
120914
331348
248446
127856
192837
114143
135114
249371
79205
100173
88949
360691
249345
133984
14154
130705
230830
101593
5529
26292
369782
115895
202082
202507
223105
261535
125418
83727
329680
59103
188131
119798
100472
169926
121185
286043
117280
233056
328196
24581
317694
126749
357574
12419
117991
19710
100333
214514
202233
132505
27120
5578
269313
120300
309209
135981
27318
93963
266872
75235
34832
129072
183008
146905
12266
100187
324306
10706
350290
5855
92580
201753
136808
153011
57788
174088
266533
106951
358191
305926
266306
314132
10222
176639
181013
322570
107460
275406
77821
106750
255008
239797
230363
268128
41439
120518
136611
260573
152267
126525
279126
269848
205955
43444
180925
174318
239823
5269
247977
239441
96739
11309
333492
363302
96001
6820
319415
217232
307481
328761
119198
50481
100186
75466
141906
81623
309124
51398
233802
162373
361919
248159
132553
264061
275637
30599
247633
133947
278930
173373
51690
58028
107830
102612
45929
137972
362645
109068
39847
14113
248251
134382
195753
216822
306101
336114
1006
274628
159962
333265
10772
328341
119862
205610
172897
367014
120505
43562
125272
111863
73822
77606
73876
6325
146219
75240
357536
100421
204808
328767
63472
370359
344757
113912
108986
331846
11290
67383
100913
22403
222984
1569
341090
113387
6005
309236
92999
173888
176352
171117
254774
74081
5141
172645
143507
24625
331588
188017
249633
328148
180211
51811
156418
275545
91939
236383
145418
319090
125405
95008
314057
197131
115577
51495
344760
27435
5814
197352
254
171133
68627
318615
121316
322025
230628
325079
281500
259384
179073
106791
70194
91552
151379
57954
6331
261534
307193
102596
60678
140112
148113
223905
270810
23988
214599
46390
137322
98627
268750
328247
173395
112696
268953
43579
188437
307569
18679
196633
39597
42334
138738
75296
349663
266277
269480
119381
269411
99722
96193
74521
134520
146652
39582
112711
134280
363283
138235
254875
46015
181243
138946
130988
148251
336328
110384
94533
146382
269766
310329
202251
194700
98767
144659
114140
124470
44771
75493
136318
138256
110223
309539
142172
108016
340937
6320
68860
311626
174625
314112
370979
156739
269163
85257
363407
115692
224695
12296
63534
202675
246569
75451
1056
122261
254730
249339
158381
341296
112377
261111
159475
242382
124484
246836
41405
994
274351
161565
111968
120498
140017
335925
5175
46214
353533
121238
310129
196731
249055
139789
276753
121112
114783
177680
107050
75468
10666
174046
212542
115167
97344
354325
109208
328444
183261
197653
305163
73752
240225
240128
204877
195198
332781
360788
57969
345754
309843
247978
117634
1390
275829
170962
91530
104943
137235
315641
258413
136693
108041
134173
16190
158349
266532
254978
272827
214840
75007
113220
1027
115755
106167
202590
202504
14127
18539
63780
206190
106533
140594
344834
129019
91524
121941
104
125512
260371
81389
177029
57823
273893
171881
333698
368955
98972
10229
106453
174077
317582
90999
346394
276687
136017
142709
46512
231555
43481
87596
26301
273957
174622
176446
196062
276959
157604
217616
157073
176159
106262
80544
224750
196601
344471
28028
134405
35098
310873
40602
323513
316540
240871
216938
323244
204579
274288
357323
103518
129025
143024
246916
344643
202787
155185
329433
333291
346850
214114
233739
156804
246981
316897
119225
311036
106081
127543
266530
181415
88410
253730
279987
214393
243483
253183
231116
243826
311407
100469
364840
97083
93772
75065
295877
215931
95968
124466
238933
79105
324366
44295
338880
136246
273881
114428
10659
180879
133949
270640
146599
205373
119498
278339
328333
346882
63404
270194
111380
320710
68902
51835
248160
209509
36235
99485
19672
138152
90876
68828
161194
108800
19111
10239
263996
344596
196054
102332
181084
41719
106097
254995
63700
102727
75404
104952
19100
94117
19763
144770
11041
202370
367360
233555
145891
202303
161422
202242
107122
84093
55268
19883
129384
180504
142567
122010
214852
236360
147239
244922
305933
100302
45002
113190
139806
267360
156417
134771
177702
213067
141518
127623
18465
181215
71047
117623
108776
207055
87392
98171
233384
75254
119355
329243
106217
108921
369783
45661
324511
215257
71045
216709
267166
335593
51311
98825
348353
136889
110215
95845
123006
349036
308973
110089
171132
307618
311597
278606
236332
195340
309913
127063
215505
272858
132684
68786
213043
341131
124891
66224
223476
10616
112161
27359
170589
255812
111759
111487
119616
212543
85710
175125
135093
44396
233556
27139
246249
245685
140390
210666
125329
357546
209363
172995
361918
145428
99128
246762
224306
68066
265880
145289
84451
11314
85195
179273
176373
236410
7068
331720
111795
270815
213134
269263
5683
145662
322786
74985
19851
91052
73863
68263
318767
121668
143749
120687
180154
279951
324860
309985
266613
138815
269232
120028
370258
122474
267465
144658
240079
314169
120500
71035
51325
74909
12231
180057
307717
27376
84140
103141
102731
169907
120695
331660
328150
161054
207056
80580
39467
210443
137708
176475
96547
84074
117992
104115
223787
125714
314547
243013
116430
1088
37188
324308
41759
170931
205529
274378
106298
309175
266517
257209
132319
113550
120845
180240
120909
141725
120696
121106
134769
195319
315920
357718
173501
122170
273359
56096
260216
119632
344855
260619
308116
98806
361920
334689
324422
205231
188208
337183
247128
5215
160553
44125
228036
83517
131891
109379
113763
322487
73958
131836
43457
85796
98573
5322
94364
346420
50959
55242
95557
354345
135731
10474
70096
17128
25581
368456
306267
176617
113553
177752
83495
224098
6855
260263
46126
58274
344330
368361
116608
60436
54913
41513
281466
12420
6540
19320
67406
118695
309425
41919
107593
9883
8554
136628
108870
58272
367738
188800
43886
5445
85369
260274
229773
204006
81585
98490
354636
109679
117148
183379
354353
129647
131116
256199
109683
228137
66845
364407
368347
177086
277799
176497
121331
195848
95485
15221
179308
109677
25577
304357
55282
285762
141917
1506
346469
10861
6897
62386
50710
277783
113764
69964
117561
50816
204197
70099
12410
188801
24927
15297
8471
188954
116516
92071
109673
62397
13272
18805
56208
117545
131843
367740
179891
117583
175582
90560
85814
215746
318941
109667
262467
121064
230586
70100
6908
118164
17110
368092
277737
16333
98496
346383
34772
13258
16584
354679
12454
95436
98502
245576
13242
10841
74152
64620
115197
44755
131866
183373
333316
131871
354653
277774
315704
22582
86438
126943
116566
81374
261816
280799
39342
9865
90413
55016
81618
277810
117584
277808
73948
176615
66907
98512
22972
81486
117845
19316
5794
50693
354691
245579
66902
1419
247007
98446
357043
66925
228038
87219
169877
117472
254985
310805
66869
95973
8511
83578
135427
132030
248855
172865
22998
176494
245581
177139
132155
228089
45067
131850
281383
19307
79153
16595
228040
83588
66920
124277
56507
180847
188794
98505
53603
354336
85464
35069
26334
246995
277746
306290
142738
262516
277786
9875
42308
93756
70120
151631
123241
228134
49320
228091
360667
59835
116531
172942
116645
152289
349788
55354
228125
318940
201762
173163
64486
142727
285845
62394
107592
86193
83512
76205
326673
41756
1036
131839
136250
64654
10939
368084
117467
62441
197047
142721
120525
113754
102237
55279
197564
15977
308801
24483
118348
92494
68850
73885
76340
137916
56320
118349
10630
147766
109695
127191
10860
67425
86212
247015
70206
69961
98492
5599
79145
54930
143444
176618
262290
229923
67816
260233
10954
67420
278567
30548
122678
107595
55310
90571
20875
20845
176503
137351
106237
334424
243216
37927
363812
116538
172665
173144
152297
69944
64307
27109
50993
13248
135638
95561
88428
20840
112346
229089
10944
94499
76126
130470
41925
108865
41762
98453
19817
127569
62383
66909
277813
138879
22603
16846
117564
32899
80587
316927
177629
265368
84537
10491
364400
15300
368379
66855
118356
36335
116643
260278
354335
100344
77232
277732
113749
12277
76204
41878
10924
360795
94495
74807
228104
19301
135745
96689
55289
62398
87951
16591
329026
139963
147898
77215
81410
62440
346416
5793
73940
117394
129630
9347
117562
83582
43888
25642
70214
81280
70150
10914
368090
31384
108722
331752
177630
64617
67408
112540
116568
95486
179870
135426
160662
243856
247016
141469
22981
41782
81608
142907
328654
15212
88607
12457
105951
260241
342054
135763
136244
206005
85043
228096
177087
54447
364405
45073
116545
63589
29032
136022
86991
126609
20906
87004
115932
12453
346919
134178
55281
12423
15831
81552
96598
329559
20893
277792
43374
64610
19750
127562
5805
254737
277794
67678
31300
98510
277782
172944
5791
25358
316960
345975
35270
68973
64600
83754
13081
117829
55248
277795
270
360635
368364
29154
69752
39282
152287
195202
54910
343387
267356
15219
24474
1465
86178
15303
50973
39304
26225
346419
117403
93394
310223
265304
318913
44105
73857
13085
50392
20871
110529
315712
38500
1508
264156
70117
179305
324943
87080
142903
20869
87112
115894
9427
277966
305225
77251
20868
141473
354342
66821
201792
127568
90563
109628
229774
15306
75140
13076
97815
132077
338817
131883
55010
112795
63593
176613
245582
56421
147564
135422
44076
56309
188107
66861
109694
54453
338959
264158
114877
224665
109604
61323
325608
110120
161907
10927
305805
94269
83714
160713
142735
90262
112289
176553
68563
243590
113967
238663
368346
121063
115487
152278
94489
10490
38357
117213
15985
224087
108003
42346
66427
8472
258055
260242
121065
55312
19864
42394
73540
273432
350284
66898
33073
178946
32908
75141
6429
55233
10482
24477
361226
119676
202277
55234
140549
14770
143039
20854
45072
131844
1504
45028
197041
367736
43751
41516
85525
143398
280290
7407
7323
79181
118157
66868
15279
55299
325599
116623
115635
143393
59827
50713
260283
95375
86989
266193
66926
110075
55018
17131
50605
55302
278561
179303
177081
368095
44123
306289
55221
16847
32902
14769
42343
29152
183377
169962
117582
318909
45031
9873
56314
329561
304468
81351
12436
125525
98520
368344
70146
73576
120975
55277
139955
55251
324950
44115
98460
113676
277789
59816
55257
43988
91892
9881
18778
77511
247025
354682
266181
66888
43974
46127
55294
172751
54927
128212
68972
86982
24491
10218
50817
71109
354674
354637
247022
119933
318936
15213
108732
201761
15181
10865
119242
309036
346450
173477
342051
35273
120384
133061
224095
121329
50530
100990
96667
15220
228103
169944
277797
41519
60641
74056
131118
87003
332321
108720
50852
9860
230038
260264
10495
90877
346470
69962
50523
261215
113581
354672
28977
45074
318939
368348
38432
27110
176760
16073
142912
98447
66884
309422
197488
54928
10844
13277
346452
272606
10947
63550
361097
173595
242742
34964
219931
361809
85629
57151
168287
118929
362528
96955
88280
79984
100131
125866
8447
362327
227938
207139
227527
162080
192553
23004
323555
324969
70662
187198
249562
84195
93251
95054
7797
269087
94339
138957
14792
142400
142869
224956
143205
18155
225609
220091
112629
71441
225466
158302
361411
347710
230444
220061
101075
1715
285956
60178
232688
40789
336
67858
120598
140269
147986
362862
93248
336696
347236
226542
225955
134182
227638
70390
63623
323832
323777
70684
11957
60622
101276
137996
40616
63514
90721
332044
225782
226562
360560
227830
363141
225743
179420
62353
5539
70396
1691
154372
13357
226772
127461
20198
15433
362917
16220
40759
230421
88283
309613
188592
11556
94831
227859
353864
363165
362895
361827
226205
85262
227570
93284
226056
362099
93263
137927
33818
157551
113738
362952
179138
93801
267933
38672
324720
13324
362945
11969
69049
227156
224945
227533
279846
225371
176379
98676
118591
361713
226095
4711
70726
362938
361649
362281
55106
362346
144038
60123
315699
226502
225965
100485
16216
68840
137718
209501
226267
108212
114649
179418
175204
270909
38061
33851
40670
171089
329659
106191
347266
228275
361612
362994
88244
22297
137114
142855
225473
154693
112637
310293
362234
60146
93591
57031
116684
7814
84177
362241
63483
315721
171484
62182
202716
93611
220393
40749
228846
18853
363147
323835
1794
273548
40880
136489
309083
319022
332029
1721
349339
43339
145893
225806
100678
120613
96209
204469
73624
311380
1686
357589
161599
225942
68939
259190
23700
23721
281333
142411
347002
362370
156829
325292
40764
227560
108158
98030
206273
226813
119234
202096
113409
78397
27209
227385
364352
41335
331901
367237
219951
57162
271397
363086
226338
335986
216756
228021
172593
225966
12002
107563
219698
346926
119104
143201
264394
360224
220221
89792
226273
206961
365510
33882
307293
361692
225988
224791
70747
67223
40760
88316
195223
224794
225501
227842
225373
123120
68317
27408
23761
173598
226929
11964
23802
227161
227871
56999
363188
172308
196005
95085
142397
223047
227980
227231
227177
11558
361498
70531
84219
137939
349082
227083
23825
55617
307823
361429
361511
38211
361643
126238
362591
324775
348576
132821
39998
161358
279825
220375
60051
134875
240825
362226
137929
281458
279826
134267
160186
60233
225022
70739
362443
362507
102240
20232
223201
306055
151367
363018
135064
323768
13345
139663
227751
361561
68338
96076
189075
220323
79891
95057
225759
225563
40849
136557
226270
13350
121089
134238
227513
362450
132043
60131
362996
102794
220303
220395
120560
307464
133172
225636
225388
131143
67252
361572
347232
60128
62171
27208
310546
40869
325814
114619
227306
40026
33862
39901
1894
135073
124659
354282
227837
130736
70664
95017
362515
204462
67269
56740
225059
63735
38603
226626
177939
361292
225929
174580
227893
88799
43849
11947
84470
7763
57153
8496
363244
93458
120559
323692
136842
225278
15996
246520
68853
39985
204454
23679
70722
362940
322581
227811
318073
159971
60172
111880
331959
279451
73147
227649
70560
178799
219757
219853
100573
121016
156357
57165
225956
226627
136972
177945
362139
220035
38235
123353
15412
219910
43970
62172
369485
13325
113185
348575
75731
226323
112678
361513
226683
226612
29118
214546
224887
230399
140715
88790
367329
225968
224774
279952
240718
363174
203004
40835
142815
136914
279525
130745
347270
101085
242455
226446
226198
227774
320770
177403
147193
332001
162314
195294
226935
159749
40839
60173
189078
44588
119229
225056
41326
226770
60232
177736
100489
120564
323980
142860
226692
122952
86373
226982
226856
100964
318881
219659
140717
220449
93615
227670
362176
228903
348597
40935
60068
131159
81543
249372
310364
219798
227684
56691
15528
118963
4701
39936
143210
97727
78485
93299
227958
230479
5538
70520
134216
70539
358226
363243
101071
225864
90725
361110
196196
110844
38204
95052
27335
195217
332034
57197
230443
196182
8492
118705
134532
341227
70541
40919
68339
320670
44024
32118
22327
226416
194670
226646
56671
227314
171077
227501
271023
112725
219812
154713
95167
73763
362204
158306
114632
226536
227620
6922
12899
106033
73766
263960
5672
227074
225659
209919
95132
155279
79988
226183
226638
230412
23804
70543
23873
125398
226518
337763
315521
348583
361352
85637
119182
140718
143124
227338
279760
70705
224831
219838
307233
206164
161829
226100
23725
362577
147618
188520
267935
365580
143060
101076
275636
102791
357592
187354
112714
226967
362250
159968
225318
70695
226209
204457
27204
136563
60098
227187
161496
362218
113591
225710
226174
225103
176696
206946
227137
230414
272896
316340
225304
336841
62178
60044
188726
40683
225754
230411
227639
40865
15413
220188
225257
188662
220215
224341
93328
44690
60033
226009
116670
362177
41746
144084
135057
40735
324197
38645
11509
93460
220013
42082
133230
225124
66178
120402
188906
102795
62468
234089
226528
345480
96947
362019
56704
70527
194706
348568
1819
40661
13861
226790
226564
323558
361314
4706
228864
135075
219822
137757
226002
361543
362373
136870
226194
360237
227628
225387
1784
220024
15814
228925
260208
111513
162097
66168
1857
93451
160099
127439
362326
227664
40983
55610
214541
23120
134736
225045
363006
157548
246505
226465
38250
73116
180861
83225
363190
33919
1884
73680
15539
68654
40820
158309
361397
180182
136869
40006
16043
134426
60162
20221
126501
329066
120460
103980
126976
130555
130556
100362
127064
94318
245806
264048
129693
100354
94368
101525
126618
42634
85093
329585
9284
30562
126634
262494
308614
50114
100757
42974
139535
242335
6188
85165
305291
18717
308604
232662
85765
333883
271722
308648
63351
332473
87200
329588
249012
42985
56111
216934
16549
19436
245703
100360
90470
333766
85296
81066
249013
51858
42826
259316
83704
141964
239785
304933
56586
111807
85279
51721
130613
239122
126783
254717
70176
90215
304935
72237
69095
82612
38151
83497
329131
230611
239775
83555
335739
11477
7203
239722
117402
63385
22025
85011
112408
39539
239766
126671
90506
79138
100393
230042
209666
100319
12081
329309
309475
195705
353177
279784
112424
43295
348398
305302
349005
112273
347822
268451
89748
112272
6226
232664
16453
195796
205943
245740
90242
101517
112076
308665
147604
333877
308675
196750
85272
100430
304984
90212
22414
19439
328746
347862
118399
239713
93661
262489
281360
56133
42837
99477
348637
308613
94321
42061
334213
277203
321189
82606
126471
51714
278872
42840
126774
262488
347856
18533
333910
88979
22410
239154
239693
90377
18513
348952
196766
16556
82594
170942
89766
90487
85027
85144
101705
197334
329579
170945
129037
90324
248904
115642
140310
44956
197199
16449
94335
110506
192614
56219
195789
329144
94799
39530
239120
239702
196778
322808
53207
277294
248916
93662
305300
100164
332355
321106
59890
83628
319234
99829
85099
308630
346607
348947
171018
130703
15666
18722
141113
304936
112367
321203
239107
85281
308610
278616
39764
329593
321231
304440
112593
270707
17588
277408
6616
348709
59997
38133
305022
277978
59973
195817
264008
196135
245742
245722
18080
112522
197123
6306
89773
260023
112210
147332
83455
249020
85087
42989
83317
197318
348400
84990
239077
90530
85307
230922
69122
6221
5409
329163
269075
9230
112073
16707
245706
88535
321125
74087
262413
100544
138076
42850
90537
64630
42982
248924
110348
126712
16704
348926
42055
333991
129527
270709
121203
285813
9211
85031
80535
6597
127155
304932
348723
196826
64627
85135
6212
85182
331054
63349
333105
347811
230542
245536
353618
75882
126515
98736
329238
100399
98734
30582
65436
329146
329310
16565
271727
39374
82595
30586
83566
85308
85297
197202
112195
59972
111316
75890
6213
130617
304937
114818
18715
348903
308634
261223
328734
126668
87417
239018
195691
42618
90201
197155
90466
51719
88975
239135
100159
216655
173564
239769
268452
329534
173544
323092
100547
308436
264009
42619
43012
41880
129659
42822
42418
14467
126460
19425
82627
233184
277569
100161
39740
333882
308628
336642
129675
173542
277210
130608
124254
51822
7195
277855
133244
91974
129707
348638
53379
100330
90072
18524
126785
88947
15612
53370
112401
239701
357469
195703
239691
245737
6548
130621
18078
9326
324953
85177
333106
85778
83627
85002
94344
305174
248907
19443
308863
333885
51367
130559
239699
100429
363924
100516
304371
197323
72259
100337
84759
325955
16554
85169
197198
126482
197171
239706
118703
48
277175
22136
100154
114602
126663
98738
53392
278648
16566
44400
49805
22163
276843
130612
130557
268455
53373
85029
331443
130622
270705
100374
305299
112519
44009
22153
85095
324954
130915
126879
196739
245716
89779
113733
39743
196823
126889
9224
38171
7411
9229
202378
138075
34801
101784
271533
75879
308861
85285
112473
136488
304369
370356
262498
105393
90625
22417
321114
304939
100517
168404
19460
6605
329073
106739
83567
205219
69094
239023
110503
126710
130483
124246
113451
173552
129677
195813
238988
9803
39842
329297
16548
248898
42624
104904
130629
129744
176469
333912
249016
81065
84993
331445
6194
90499
126619
22024
88596
308643
94316
308670
38327
9258
9406
264049
72240
72239
59969
112496
321112
100145
42636
239782
82645
6287
130618
42839
268443
115771
82632
363932
348712
245735
85350
82623
100438
138425
85107
100534
100410
44281
196757
79258
129661
333901
239013
39824
130549
126736
195857
43349
268285
89867
37351
85134
322437
209766
84997
6175
11782
248818
90465
329155
18667
41248
6309
53221
110032
34808
80796
353178
203222
248902
162073
82618
112111
126447
239022
16544
22155
85034
43291
277405
85085
331878
329315
6181
271723
129695
238999
6189
9409
53212
249015
348942
85146
262483
42633
100359
195698
372216
51860
147087
239778
329577
39536
112344
100157
192667
195692
348725
6627
126514
63345
112220
268283
53223
96526
242306
333433
37361
6220
154362
294536
277199
42808
173567
100621
348904
268437
173561
262484
90205
42833
331053
329696
85310
239694
105385
240147
53404
75880
6185
353616
197134
230228
329520
101526
248249
42625
6290
43001
90477
88984
239692
245700
112425
9281
126448
197228
82611
115769
245734
87203
130220
333867
130632
89735
277859
83690
333386
9222
6225
173565
126439
321195
18502
112397
129702
363931
348397
216823
321224
308660
141503
305939
103084
232660
348711
101335
372214
197119
348951
53397
39537
278644
22164
80635
170938
331353
324955
239719
101334
230633
333873
85098
100322
56115
196760
6209
308625
126723
88945
112100
85324
6315
130623
114819
349590
39843
53405
348901
129692
329584
100332
112280
39360
85185
333772
329535
329314
323322
322517
59980
22151
100579
9227
162010
37362
138074
268438
175097
168319
27621
195788
85132
85015
85142
112368
347859
129666
209884
321210
43264
194849
53555
352298
195763
45296
190876
242220
276957
193606
290708
219105
133818
169661
86445
70453
3285
335361
284838
326533
135914
137582
336956
292757
232105
191013
176470
151209
222168
4185
326540
130394
344119
165096
235815
191705
94349
241538
4103
222000
208418
289532
250845
180302
164148
56942
290568
253548
242119
63929
150982
182214
258672
163975
244505
2643
211431
286784
168611
164862
186056
222957
252104
132279
134690
350806
259129
157735
60719
250031
280727
237001
184164
221246
152777
235557
291062
327937
165080
232292
345585
96752
326773
149987
274722
168875
164333
184425
94092
288484
323136
198889
27822
51878
253091
235371
153244
306861
256525
344635
209117
182777
218128
320724
252736
338256
191505
293901
291238
238203
26484
170904
167399
255092
327385
291464
211256
79385
282517
36493
197394
182608
42684
198056
220563
244597
356438
164590
237801
30689
291940
170311
102991
253570
59331
232495
283794
291157
57428
241304
330215
232227
157104
186047
198611
293362
284416
234350
152446
272097
185730
284249
284188
352744
306809
221473
210086
152832
330499
217939
42363
327780
349371
185418
349396
4645
218507
341314
323073
164117
149808
304976
284134
350992
235269
355658
56545
309485
182126
271804
289703
210772
257100
249934
199394
356250
327927
305480
242166
20345
190160
137514
327354
189535
117701
197803
353562
238557
168988
176976
7247
163447
284167
211923
166878
108101
364198
318681
350510
237928
163905
3497
292097
324581
357767
233785
96743
49907
210664
28092
177501
9338
190435
222682
291660
356658
355976
284072
125656
167070
162848
280763
309152
110242
48848
164219
241958
168136
234145
211988
185286
236590
49520
237742
328071
22101
346274
21655
207446
294185
350500
326342
90255
292965
229627
107091
325992
151055
283640
104910
160533
92773
190844
69498
164541
282850
30358
182764
86854
236271
254789
202512
232580
256806
63131
59368
166456
181658
221675
349366
282121
49737
4625
284062
75853
75763
294095
288364
152882
176421
252935
186567
253540
167307
167825
157062
35335
306857
312505
283160
169143
247752
259091
323057
288336
217184
9391
181711
157877
199111
342767
327663
288387
253292
148806
244795
79681
165134
99087
328103
84828
215203
23160
164709
290766
183823
251402
198041
154435
282337
156216
157489
275251
9061
200065
344631
190093
189558
146733
153617
35503
253225
327893
160804
265483
166451
178424
371091
285449
150263
236286
294623
333677
187323
191519
184654
186277
287442
352801
63233
219583
251645
356110
184459
6816
288893
325618
185877
192659
140118
257318
278459
292041
352394
288635
313228
35653
355655
118709
189173
190618
288522
166524
294817
250094
327391
215588
184261
166433
242032
168521
242045
258424
152649
157732
217833
244098
220555
107376
187082
122157
267246
153405
136108
169147
22102
3019
287790
165683
292150
59225
329642
165435
295108
355622
236895
221921
167802
182517
21197
87293
306581
149652
108773
315855
175233
79561
317995
275003
312098
201306
4240
330390
263684
195287
218138
150682
293397
4157
313754
293292
200111
313545
186151
241937
23144
204356
71817
35542
180529
253824
267291
27895
222540
356582
140661
163147
139363
125637
351502
86448
228214
282177
355568
232540
234689
211184
192284
233659
191563
86208
153429
228484
294561
335174
252945
283999
49625
50256
258855
157521
216843
198473
148624
251430
288643
290043
244170
222418
349990
318108
288887
170285
222925
283087
113367
242203
195162
182854
191574
262201
3838
355879
216347
262164
170359
152976
292019
185322
291152
235244
150658
261696
289826
135891
152937
155445
293587
356725
255716
122057
162725
351241
208632
132944
253326
117589
200593
2914
263439
137458
242702
219074
292144
293718
321413
155236
207923
4523
28689
169427
109810
355680
324287
250126
185185
27519
190839
275200
129223
206885
149483
295777
250923
167323
250579
241339
289630
130445
189745
327610
165354
349536
186846
41887
292067
207468
150818
28710
238132
322523
236752
117413
347049
292720
51871
258837
221502
207405
105981
219213
295192
350581
249418
35621
306461
296848
234301
217305
54146
94088
257368
27828
26360
147243
200562
149134
184396
186542
163902
247797
165691
192041
150589
222638
355493
306653
328015
199564
243050
98412
283581
209188
163296
346019
157814
163927
283772
276931
235310
137454
289435
281633
199034
2945
103797
327509
207592
146200
154458
217831
322652
61311
287924
4087
275497
83286
97837
149788
326934
94019
218723
217885
165684
356788
92330
79636
238235
56606
290245
282951
133852
163858
292509
283051
251583
165373
330389
190134
289704
287993
59851
185717
151455
153700
284179
356607
56780
89064
55862
208302
350847
272407
327719
220795
179806
190455
287702
96420
295073
198246
288666
287010
286385
210797
154378
167560
21119
355838
330497
63057
221706
179103
39745
211172
293063
162504
263298
121742
252330
263841
244272
312259
198983
187698
120863
234826
274931
199168
255729
29609
250984
241834
149327
12353
157944
52663
163841
169189
179357
292877
28063
165681
312713
70465
66667
134964
4602
203262
285072
330089
198931
222429
167463
109813
235679
165665
170462
111821
249602
156304
222495
190594
138165
178163
236941
180720
274847
254586
21415
223343
79570
64296
343192
284509
137510
249805
95221
214651
125997
174941
290139
252715
291565
137544
272023
326316
236587
272364
102248
294799
151065
164275
215130
192090
3001
154296
274903
242038
267341
26931
237105
356508
189444
292426
136990
134961
4592
288478
148678
214663
154970
168907
293510
257322
242016
200332
178184
167255
199122
222560
26182
290882
57670
126848
92780
132485
265351
31248
31227
146138
158069
135385
173778
37653
67151
32264
110937
32880
213656
33972
11038
116067
39065
316272
50491
117125
31934
84723
13218
109971
108651
70843
117031
245347
259027
115954
31713
67114
203028
61789
71233
121396
358381
356931
86710
338623
133658
256455
67117
62952
127006
113060
42968
105119
169804
38907
33141
357869
33065
369861
58714
92095
29104
33590
39154
84604
25294
31777
803
38767
33064
24816
61381
84696
34003
116324
65307
58537
116262
57630
159891
99999
20262
32133
133568
25449
192927
214454
147520
256024
57663
33318
16622
65064
127334
143170
145567
58561
121424
31206
337272
156559
11057
108586
25236
67736
111715
90182
25741
37751
105085
62973
138317
212509
245531
103450
61658
305103
131607
58518
40505
369827
212478
13285
70883
23404
147514
131374
7001
126177
141242
67566
25159
140961
58802
64497
58346
116761
84734
140975
857
256504
39122
131424
67367
39117
37532
31118
33055
131431
140951
108317
31608
34200
151889
116747
86903
102051
143343
37395
61369
107231
116968
24876
60652
255953
31137
50732
25259
132306
74636
43954
260462
121161
67310
31151
108971
31821
139110
84532
58363
117040
121170
58321
105683
370024
38903
10574
44048
101990
37436
138273
102128
141076
145613
34169
369894
141267
61446
23492
135352
370082
92793
32440
7915
120163
117058
105441
65370
129500
242630
67122
131463
260461
36226
67329
369807
192932
33361
116090
111010
338637
63017
131284
50378
116091
25477
162125
31498
44069
213938
213620
65198
141013
357948
105544
141022
100071
10751
116059
245334
30944
39085
99972
123326
105422
357873
54548
256304
61116
34198
10778
61612
124527
121512
105506
61230
131675
134834
95937
86748
61728
33462
31709
171682
196351
33412
109960
230982
133619
102342
357804
7266
25909
256340
141262
113868
115945
23388
108297
158143
255518
338686
86932
84895
126840
37763
111595
133577
24883
143606
61597
121402
69876
265356
33517
37729
90183
138265
145483
245317
67712
255823
369944
12683
139745
13167
187474
134861
255928
33296
25211
145615
99929
139923
105642
195926
34401
180818
33040
58291
131325
61586
105398
86888
65072
72083
112175
37675
120258
156705
305137
108255
103541
6859
105120
141236
64523
121348
151910
25300
364955
105536
65038
181112
10571
135279
112951
131373
32982
139107
90167
173746
127040
116233
143541
124336
42078
141040
33363
37446
134841
30878
34387
124363
37538
62810
116983
71346
25937
337484
38943
110995
364953
135465
124375
338659
33327
23115
32367
92093
31997
31236
338780
338755
711
138365
255821
133575
86462
19900
86735
31874
23581
135221
357990
72859
32809
133703
369959
33704
840
33548
37758
58900
33735
25148
196063
256138
245495
34383
370061
132472
97415
25331
10769
109848
25778
58281
34173
24890
111688
124377
145596
31935
338728
338638
108603
171812
141823
143326
916
33310
62920
141150
213567
31900
13223
338628
65204
34308
138298
36348
121479
67349
116818
58619
124327
159508
62958
122431
42923
105100
213936
86431
147527
99866
338648
32022
10525
25152
126994
16634
86728
141293
71339
316574
33396
61461
311268
7950
72124
116962
88021
30862
213631
34129
106098
108591
129480
134866
92815
42878
158058
108626
100069
105919
141315
175912
117060
31021
62843
86437
71230
99848
213570
61834
108228
84573
39030
37804
121411
32864
99394
32529
135296
138689
105484
103552
105116
105072
213876
61794
369996
72926
305152
31120
131588
34105
230968
108562
239653
109824
31488
143528
57664
99918
64508
83413
156556
138094
84888
213591
33330
58512
139941
109870
131558
23491
67363
173765
70927
33747
33781
103166
156572
158172
33783
337495
700
73539
358379
62976
58792
143233
44035
31660
110896
89852
31540
158455
108323
61379
70840
120123
25320
65224
61056
171806
112995
58665
111605
158128
103175
358122
31480
61384
102101
133476
116315
23441
103177
31537
87523
31828
255982
131586
129476
31018
256000
60539
132438
64515
23513
50666
785
255920
245501
62917
34222
369962
118598
116122
124374
192934
32271
29108
147536
308999
105584
143070
38922
95903
33329
338744
25633
316270
196375
109860
245385
121487
32366
108259
158542
33243
70971
134673
71185
25859
132309
50500
31564
113065
62834
71317
132460
133689
31235
334396
116749
105624
33178
105505
10721
62830
255941
108358
338664
127333
34006
97604
65286
36304
158261
32335
65077
32207
144677
112952
58920
171750
356928
36398
32854
370022
196473
116028
369957
84756
132470
62851
358028
58515
37510
146583
131634
32076
38740
67326
105636
84924
62860
105758
31037
61082
158169
131597
110952
158035
8109
33317
108319
116840
127518
95939
138092
10567
61063
116003
124682
67154
127053
338661
131269
86922
138693
43956
133521
111567
70777
133488
32874
11036
139167
58440
71186
32426
120252
126990
86685
338677
88271
72654
69853
337548
33641
58339
257294
117109
7363
31172
143344
37492
72171
23582
7996
13149
108614
25883
120178
31535
108406
67545
58437
102064
99931
363756
65320
24809
32347
60726
733
23476
69923
131550
62995
337449
112180
230981
256359
31976
24923
10528
63774
12679
109745
33435
141107
213668
67690
105141
363761
357836
133338
70912
255944
34030
108589
131641
110964
61826
273919
116108
334461
73009
67305
134781
33981
357912
146498
84502
120202
132475
108305
105601
370093
344572
58655
7954
39019
108600
25904
113241
262263
360086
231268
298523
170617
315326
231784
319889
314622
210329
297584
319692
297862
319323
349444
319766
300679
300629
365281
348732
117425
339488
299373
264750
348485
353991
319930
304010
317882
348476
364800
320598
319717
359866
260743
355030
319976
153057
231465
302590
336520
359539
296568
337952
336437
343609
304225
302950
347210
319301
313254
297278
193403
193978
300935
297699
337846
302061
193148
320430
302804
296378
194343
314366
205450
145124
348459
360414
296513
299608
369781
300872
303370
217000
348013
300621
343797
319388
319297
301851
336508
320070
204576
369454
257021
320289
248209
303620
315322
243639
295723
229619
359099
193311
112050
313664
299574
231456
264685
319443
360044
342435
348265
298207
299198
360442
358857
302855
355208
343804
301134
298949
347166
304100
299435
301577
319784
320623
348793
296452
193617
343593
299623
233988
339500
320545
316706
217001
193252
265936
337946
312280
300421
301192
125217
315428
315282
301959
320023
319320
146522
354881
353508
312792
319298
343827
298365
307809
303048
299653
314352
310729
300307
337948
256954
296512
300503
297363
264863
193686
193966
231502
320054
193827
359025
268357
342265
231382
239619
296405
307252
302356
297043
320163
301210
312159
242739
297360
354158
320485
340886
315480
358843
240688
302195
299851
193213
296442
314287
353987
193040
302134
316717
312807
271434
343658
231481
345700
343307
233763
302118
365254
359875
370707
359296
194015
301579
145193
298774
348005
341160
194172
193134
359948
301552
298404
353524
299105
359124
299993
357248
347920
300590
297273
347900
304210
367612
365326
259055
342754
348207
265130
304055
359942
267528
281887
354105
130138
302127
348164
248354
348758
193054
355178
304504
193706
300154
205827
333335
77323
335979
27729
316997
258000
267569
124118
148354
24013
202529
129013
202015
98771
180116
212860
345037
42465
5561
104427
124156
124060
277465
329045
78034
99510
369435
73397
81579
142950
279302
99005
345211
346708
370328
174730
104400
71077
348423
124085
174497
310867
60364
367513
123787
91464
272639
119386
112887
353165
216582
371304
123815
367773
364495
310266
354265
96080
209840
71071
124184
65910
258009
309532
104233
104513
316625
26641
104695
10825
364669
296214
347868
41694
104286
330655
370597
77157
317353
240254
60385
204655
124223
139675
137091
346704
258014
90070
79691
279009
257756
93981
330958
257849
345284
345207
119506
26874
196793
109143
296060
54648
66342
158907
372263
214473
212684
90188
27749
26727
27683
330776
240748
81630
101579
56574
345044
13651
257738
174726
265749
311515
228434
369282
212717
339697
268425
29658
94798
74661
34909
337205
345232
72681
159292
172804
123625
81245
172263
138493
195842
27701
69556
123782
121624
13665
330730
212608
8583
295926
8578
257851
88659
174743
89285
265596
205305
85076
336738
279240
112745
337235
12258
86482
41829
212898
124306
8750
37810
27696
26585
360865
124090
330892
158880
104211
111851
367287
104450
212864
159138
328180
360834
364616
104614
12078
125068
364658
329294
372247
27666
43516
104116
268539
86949
41818
339295
349162
159027
104104
81104
286020
240065
339039
346294
104837
81366
220469
63641
212914
323640
50054
269879
158825
345323
174511
269717
361887
268747
124132
257103
271282
123865
345051
305620
159486
41828
324669
337714
367793
370415
268944
35102
123791
27463
121925
151549
123607
124146
257870
158723
212602
122938
104429
55346
55326
104671
66404
370187
267219
269714
39760
104250
212631
249124
212782
330697
123676
296165
77139
117886
205311
362002
158916
360755
279939
332393
24057
106683
75803
73167
87145
104474
1383
295935
122939
370392
158696
344414
121931
257866
160726
104268
159000
322287
26777
192901
104301
257912
158692
103099
160032
158760
27737
44569
123508
104453
107516
177842
27697
121929
217226
123659
172238
63575
202017
341167
123875
124002
9294
124168
175194
267151
364772
296168
248851
104619
367465
367464
159295
121982
257934
260063
65930
159345
135550
296210
13655
345151
320851
212779
54656
85801
206026
325250
212617
27425
73164
188621
104426
325252
245239
372258
73559
115553
55803
316186
308258
269715
267230
316631
26823
347792
345131
344441
123406
159187
158718
336722
112599
27742
233055
336428
14738
123866
158943
330815
257724
27385
270144
44512
103094
369443
324677
26547
281371
66033
158729
120989
334653
269727
50937
41696
95110
202264
257692
368015
123515
183076
27392
44462
367471
234080
324082
120349
158713
141927
104109
99176
26666
104758
360752
158672
114812
330692
104581
26719
27753
104221
188297
345031
176247
316185
158674
269681
367780
123975