pk_event_dim
331365
176410
94308
205281
281680
36561
224031
176247
69815
281214
271428
142022
69792
371786
269961
66000
102821
278953
74156
173650
55761
210651
64410
159929
239844
188923
204622
118287
55733
176582
331083
145770
132797
176637
331050
117165
88814
8700
281217
279244
130204
159915
21906
233709
94311
202035
69786
115776
92060
176030
64392
255015
281661
245645
269252
64378
364161
21901
117573
64402
177836
112710
8422
44928
55813
91597
336368
281212
233117
255392
8779
223914
5087
271899
115482
178777
213275
139914
8233
258034
337252
202224
223917
117187
100982
132323
74269
176831
307266
285782
92058
204104
16370
240330
331289
75555
115316
256219
74286
285780
16414
66249
125069
21892
269255
353697
8366
308715
328382
320793
258029
66145
204720
66283
8388
168282
168325
94313
344050
130208
285790
123299
328358
49031
249745
146773
345534
204316
286197
69690
103583
207000
131203
131204
331357
349634
176571
204833
205573
187277
102844
104138
259178
161764
66121
122595
130812
276716
132015
260043
58939
18444
371978
74204
58995
115777
316465
74281
85332
99263
148070
248364
325094
267136
93512
66223
124812
277844
69823
307542
117729
59007
49107
365643
122653
16375
121337
281717
137198
124893
8383
148060
216874
8375
274438
60333
105940
255203
178083
321157
148258
308441
328373
187231
16341
337057
204871
285833
339794
329739
16084
269620
323684
240813
66257
338787
258033
60270
36948
105199
69688
18433
69720
4990
345827
277244
267078
16076
371801
137200
5064
274005
318667
267678
168448
281716
69715
176581
94060
176643
358096
18414
214579
100981
145751
248472
8413
95463
117575
49017
55821
60257
64405
338783
145768
277899
310919
331084
308927
21791
54485
257472
202981
8394
88224
111425
275542
353668
336634
118380
105876
74376
240362
279067
183072
370181
66076
16374
8254
131826
317657
240327
188719
269891
310132
18461
145209
339078
161280
165643
269038
137197
176640
116693
324076
74168
173807
262040
317068
69821
204832
105945
316765
192848
72688
254801
91577
360158
328377
99414
206012
279928
54494
370797
129267
371256
8280
282011
18449
247431
74223
285792
131199
123012
311443
8676
91571
59027
103654
339879
266197
69800
102824
125002
324856
121308
18407
21999
197526
16437
242279
353692
98603
343482
192914
142023
255190
223920
240542
74228
267279
74266
223659
115480
311111
273051
216723
91219
48999
260450
309550
277912
48973
83138
240430
311009
233460
262047
202890
187232
66297
69834
126119
142021
255199
209679
240422
88383
202925
88414
91708
78321
60286
49037
336293
317971
331291
268119
74199
346474
60272
137206
322812
265654
242281
316405
91426
333194
119371
182986
340733
197538
177330
152496
178776
281944
233277
281719
214856
125003
138213
197546
74231
16346
242371
281679
310067
364105
255394
8281
36938
295874
286547
140810
58977
260662
262037
240772
64385
87086
331288
101567
16079
334440
255339
8240
91595
328386
142780
48995
281921
337255
94061
137212
55663
260459
281573
104905
83232
60296
281706
176567
102825
285651
192798
363697
272805
105866
331325
137875
48970
338371
105198
132728
75552
325414
105208
55793
147252
267144
202914
83206
338373
103989
205424
16398
59004
161285
258022
95376
60285
281660
138250
74355
122591
345832
122656
309556
115319
204816
69546
189004
54512
8818
146933
122685
311665
126129
117168
132222
328394
248246
115398
204632
339198
204317
60259
69689
66087
204638
60331
144784
156832
117418
192759
161070
275808
224607
267280
261064
49024
240241
92061
142011
21894
205928
240443
8241
206017
233332
60273
255532
336534
66003
259749
188717
328388
74322
277910
197523
240453
204157
66065
262443
336365
325296
281583
176635
239849
255349
69555
142675
245674
36535
187224
214576
239194
177331
94307
259151
353701
103990
267278
74288
99316
353687
91730
339075
21997
310644
60307
205140
321043
267863
353693
267086
118325
94389
328275
267680
120878
317105
148068
345533
281673
281720
269247
187276
233364
205987
66015
204160
91922
188922
21961
328391
112611
118289
277908
209655
21891
267088
331287
91359
195752
187233
240606
205968
196289
335760
66111
336299
60271
21922
346557
74175
269868
106757
93514
255013
95588
181384
233342
336702
66241
223926
344896
335764
353736
335421
130814
111467
305560
146937
8261
328396
215820
117163
269254
147127
204119
281470
213276
173160
162282
69567
36855
21868
275643
102826
247891
214879
102666
115779
223652
205445
161249
159919
23056
295750
281308
255531
121311
74290
55718
157055
66013
58981
69683
129291
260576
335759
130874
48998
103662
58986
205141
142677
335765
58947
115484
132804
145754
331093
214868
162212
316614
336541
23018
214878
242370
147750
130881
316137
88810
64398
8300
267775
345833
147122
104137
353762
16352
121307
125004
310135
321049
339072
278920
103667
94312
308433
92340
331046
36936
347413
159537
240367
322984
105209
151382
21921
286555
95590
240273
333249
260454
346639
353663
269627
243183
8704
55729
267688
159958
102837
354308
159913
344504
95584
371246
336595
314934
22030
336539
111429
74331
281277
311438
177270
331078
71148
355350
21779
145771
95583
286540
321158
176644
64395
268711
214862
344894
202986
74246
91572
255191
177308
132795
204836
8301
281230
281589
338454
123312
321155
8409
101130
357544
91778
142012
74365
95157
177267
223715
66107
317732
66312
88845
223910
74226
321267
49073
36947
59002
364160
242681
311428
336536
353670
148061
64355
74165
131154
145794
331283
39382
233671
74305
8243
365647
121302
54499
330639
307480
242684
161269
309548
317654
347412
93791
18458
368173
270236
58935
87334
347407
316013
281236
255527
117822
74232
60340
91618
216241
316404
139915
8407
129287
281723
117874
117872
99266
146890
21857
271931
175307
152509
267753
233567
168484
115908
204630
347405
75549
78325
159921
331366
240265
204496
69825
204121
145702
99307
66227
117846
310949
119941
88809
8299
64412
103952
216028
74333
36934
141119
249630
121327
21799
259528
240598
345828
215295
74252
353703
55732
146881
8268
210647
130355
233350
355348
146925
146927
94058
281221
21917
110708
177328
195261
103406
55795
345831
16377
146165
99310
74174
75554
241036
311728
233412
311016
130207
279070
223167
233661
111479
21937
274653
117146
66278
60261
271172
176575
335420
137870
104978
74161
92073
371807
245598
316096
39386
152498
36945
91710
202985
21986
277911
48957
353667
269890
69677
371799
336359
256217
271266
325105
240266
267143
354276
371979
74368
233351
265657
74186
60348
100715
22015
111194
74250
129306
4961
328954
286554
137193
89022
74298
16422
106967
324647
325266
268748
83237
148059
260452
88324
177429
265907
95581
177021
8252
337257
320959
267862
255387
337059
113626
310075
74181
204120
8263
215793
240733
21890
259529
310926
204818
116703
317983
268075
89021
310915
74289
111502
304392
137195
319422
318712
130769
125000
314203
280830
335413
69739
239211
281343
177266
331351
368644
331072
18403
176406
308836
91424
242282
349390
74321
49077
21967
242679
344975
69812
338456
111470
281578
215305
210874
240452
223927
22003
145763
365645
136507
215294
99265
205283
178676
176407
280316
22041
8402
305551
160233
328392
260460
121995
255336
147546
353836
58993
260663
113783
331123
21739
74382
308819
129333
21913
92577
311108
94059
55669
216722
8279
103966
311644
74271
105371
336540
130205
367407
188792
281992
74170
95586
137209
276844
344977
91923
129304
257580
147463
187226
18457
117726
260578
132286
311105
269862
66262
132734
105364
318420
240431
286552
281572
111432
130770
223204
371255
159912
91598
18402
358095
371251
55762
142033
371794
176713
113147
36924
323673
18460
99306
21834
105214
103098
281231
91617
124997
336372
146166
188610
233706
280500
129329
331063
255198
48968
240329
132869
124388
179059
91619
16394
142015
5101
311440
201735
178965
8433
122594
331082
36846
8417
176847
255202
331079
324811
338374
8587
21904
266096
111461
21836
156741
281229
117871
371933
99261
4985
177440
228736
215992
257263
99016
371787
1640
233664
69828
123305
204488
16077
279010
240270
258035
281955
145797
122590
125177
110848
106960
345834
66288
245553
331350
308895
317147
182990
176850
60292
105205
206305
8715
8352
205979
371244
8273
311588
74171
337062
243184
91606
279941
280732
187286
16411
99247
16088
115909
69810
271942
16382
132793
92341
346299
307570
245818
118382
103151
137864
330640
311447
118636
275767
328180
139054
105942
187281
74277
259524
146921
370844
310917
132811
168478
370607
60295
137860
295751
187275
355349
69735
307374
269688
64381
240271
8574
23057
345843
161274
132573
126124
129250
173806
16433
115477
269962
96217
239969
8430
117615
267145
245593
118108
338589
124250
130209
273996
180627
336538
356954
132571
64400
18436
121645
146920
74229
105366
8358
364113
131190
117535
8357
260025
91573
181222
64391
113166
36538
214881
310916
338380
91095
116554
74325
105868
307538
69678
55753
8312
69818
21844
324727
210230
204635
111427
321165
255331
115320
36834
328375
87230
140208
8359
116646
74351
58985
159931
74172
281663
246900
4996
344505
168469
264134
64390
369588
137848
60312
233360
317118
60335
66234
16388
311011
100169
74362
239848
258026
336370
360156
249092
21887
308443
18430
308714
340123
147464
98601
277848
103657
360994
74265
8426
286550
5084
91212
21729
146642
240428
8249
8305
158644
276761
74383
111462
178995
103988
336292
130354
245632
69772
91916
16372
100670
233328
267087
162344
140190
60301
36532
205570
104143
8783
280956
36946
75558
66282
104974
204834
353669
69809
8410
159922
176590
328400
177447
49021
8742
273810
233459
8739
197535
88811
91092
233338
267082
8396
22017
240429
188921
266200
8391
279071
295748
259226
119390
266093
259333
60339
16400
8351
118153
74390
206741
16082
355342
48984
137874
93511
132729
104141
240420
5035
118383
349671
8304
204495
18417
281569
205444
194773
156830
215794
16387
83187
59010
116702
195459
196919
317005
119210
101265
132726
223986
74158
4997
66144
74257
328381
16427
187230
66258
117533
66011
255523
91918
245250
91919
311151
168474
49069
269960
344974
324261
78319
107999
240541
176412
197524
177427
281951
74378
117660
55656
311449
176642
69559
176448
117179
370182
120303
74372
64366
233330
115324
60266
188051
316097
16376
255076
325104
142014
155891
8398
21893
8267
177867
131101
139524
177268
310604
147120
55717
16397
370798
353855
98888
214815
16083
8235
74342
311013
132807
8307
21875
308717
311035
145769
176589
95198
277900
204032
311429
364066
16391
203022
239847
325103
115478
260099
371245
122586
243112
187225
48987
257473
145766
266089
16384
266084
281708
311088
259739
66137
344456
324075
180267
323667
94304
321493
223108
132730
141126
8354
69817
260679
74159
255067
91423
58994
341027
105196
347408
125006
316239
60303
8403
177024
308682
110878
336678
137188
275807
131200
215299
281281
60342
132812
328380
132796
16385
356893
18408
338789
5070
281302
60334
240435
124719
123301
69732
223903
259370
197142
315909
91930
202921
264371
233665
74227
266087
105207
132320
123311
8415
309670
8287
329746
91616
311522
69699
21786
16408
132284
69820
204122
141120
258031
91218
66125
59017
267659
223084
92039
148064
336639
334742
146917
66091
74279
281233
176849
281728
74169
91928
91717
325106
152495
170678
329744
215991
92064
162296
132810
123294
74359
323180
233323
334449
131201
36536
240459
345539
74377
66196
324730
334442
55792
240418
328390
279066
187282
328366
95281
206330
194775
116472
137865
8244
21851
74192
349672
48951
335767
21878
216831
124799
83205
233352
336369
205974
120806
239883
115918
69674
120930
318653
248471
324341
49075
74293
325099
8297
311103
83137
66063
281279
147756
74306
254735
271901
259225
117194
308902
176177
319278
118381
91733
248574
16386
328389
204623
177332
352366
74268
266095
278963
205577
122655
16344
324731
178682
259094
338376
66407
331077
210646
48978
112056
353664
202137
8753
72685
66313
60281
346551
102827
69829
16378
229171
240272
255193
286553
309420
129265
59016
16091
130876
277909
36896
204821
328362
285785
74284
347520
260033
272470
111434
105372
255593
354278
83166
126122
274636
189084
64411
215300
92579
137854
267085
307534
275644
259568
137187
279073
204825
88129
8372
281303
197531
8404
204839
147317
117188
177334
66272
347735
147747
260037
8364
161261
188826
205286
259215
92337
309521
168453
347290
115488
331052
22045
129263
262446
91721
64407
4991
111423
357302
59001
344898
21889
212102
273058
156914
49032
125094
321166
281222
368531
106962
176709
161271
205426
69822
8649
206016
139026
111501
317969
209625
22010
331085
117537
281580
111424
347406
257581
86557
331061
64393
281238
261056
195457
177432
92044
105761
352363
270228
328385
145755
105368
337056
207230
325108
21909
245595
268707
260172
8238
325743
214228
16432
18446
308835
311008
180042
171126
74220
74371
215301
8420
104977
371984
48972
92332
240421
113789
240017
371345
255529
333247
8239
281224
331051
59011
132725
16373
331361
332171
281585
324120
129324
308526
259744
102848
334444
59013
281592
58937
176591
271809
8678
281276
21873
179056
255345
16415
228737
204829
21870
328364
255622
247349
275373
308984
83221
102828
105204
93513
204633
66289
233363
347351
74235
358216
259832
268115
311433
317980
168476
261063
308708
105872
8785
325415
74275
147126
331124
255347
105954
115890
336373
325206
262452
176830
128016
55815
321488
255340
16351
84567
353673
117419
125019
98971
8387
58945
317985
253741
159909
205980
8408
161283
277915
60427
253171
160237
121297
118154
335419
55796
5028
8737
311712
36867
93510
255195
313914
311034
177092
16401
311110
146770
87263
66214
176414
103158
69562
130815
259813
338792
121299
21899
8258
146647
183282
91896
91093
281721
5010
368540
281297
370661
60315
16081
8784
353671
160234
266091
137852
197529
5058
308841
272472
119154
22035
204319
177170
335412
336633
279635
21945
22013
83160
69783
274637
159932
36859
318760
66099
315000
240023
265666
107081
116555
74328
179067
132163
331125
205975
55736
332256
104976
69832
371247
274339
255066
48953
147754
255192
146774
360676
131251
259525
371980
64367
339907
194605
278381
69806
267686
91138
126127
119496
69794
215293
168485
286542
91895
249727
176408
187289
204159
36927
357426
8302
371343
331070
8306
69826
21910
204626
260097
259530
281718
36870
147563
58943
113787
18442
194843
8652
60332
368645
177424
18420
279148
197522
371795
338514
233411
239841
159995
137203
21770
5022
182987
204521
177326
117815
161286
64388
36930
74205
321496
58999
311618
310074
331127
60278
269625
187283
182988
328372
311774
117727
48971
336297
66294
325098
336535
119193
111468
66133
353811
347522
74332
74352
255338
335414
204491
267743
160236
317979
74173
22044
176574
259654
88816
205973
21919
337918
48969
336636
74260
8386
311104
187278
233343
264131
16396
353702
69797
177433
344455
107480
281996
21792
98604
23010
99009
242284
74357
141127
281579
21956
324783
339071
322444
147742
75560
246028
92072
240464
18451
74198
148021
311085
95589
103960
321490
101123
316901
21973
233362
371805
16429
215918
202919
336379
74348
260029
66073
74294
74242
137205
111376
74282
267685
264125
160435
89020
205436
346553
146926
328397
64371
265595
262445
140197
5006
131247
23055
64404
223908
125066
135728
325195
125071
253737
121336
18411
365644
75545
202022
214866
66130
281787
78358
103664
104980
192718
187279
243746
22019
88933
240014
214578
279942
58991
321151
281300
100984
337126
55763
132800
215477
49019
195183
260098
240438
92571
177422
347734
64409
74254
145795
213277
36911
338794
64380
36917
147319
69713
130932
74273
265403
106024
170591
74237
16436
141124
74314
260458
353760
330638
338784
242336
340651
103665
197525
267146
308716
129330
132672
245817
98605
99269
265659
305554
112058
176573
223598
240426
269246
245591
105363
323670
152499
328399
339013
279943
146978
91724
129252
161264
204882
202982
83183
91729
240601
146368
202918
111465
92624
260101
260678
94310
118379
152508
308919
202889
58933
146161
157991
202917
86977
8320
118637
129292
243745
346552
275766
253078
311007
106717
84363
101128
264136
21972
210399
93509
340549
275762
323681
332278
316319
233353
8259
8776
336377
209678
215298
338511
16085
121309
196429
94051
365649
197530
178684
91593
261214
115315
305553
8369
16434
357429
44927
239197
334438
100988
214855
8773
281593
311102
48945
262454
18447
255526
355344
101131
233488
148257
331285
137859
36554
316140
145764
205977
310078
311617
122291
370799
16080
240465
8368
98606
129248
64361
339079
83201
176588
364106
240424
75559
173475
147121
130811
60310
338793
267853
146919
176636
371344
277698
69788
131103
103090
278954
317029
371249
202984
74160
55662
115314
254986
104136
264275
132219
239842
205971
147109
255330
162349
210645
94305
22048
277902
92053
142019
83123
103963
323675
371803
91605
204158
91575
214154
64408
318689
18437
74353
214853
317733
91711
65927
179064
36866
106966
4994
69692
159926
255524
331293
129334
233668
88932
321144
204823
267222
117192
147749
21920
337061
309546
354304
243474
8242
8265
122596
338375
49026
58992
91898
145753
321047
112032
275809
239741
74340
336802
125065
192915
64401
74297
74360
8411
117868
8246
337058
138215
21865
264133
147104
83238
204494
238645
106456
280831
325107
233727
74183
321160
8588
8324
49027
55757
74291
274001
152500
146928
254791
18432
233711
370800
308842
308444
281408
277836
22011
223911
274000
216239
130816
255390
361923
122593
91221
74225
272813
55809
48958
60337
267385
215338
311677
371808
281725
22043
329743
346555
253734
317658
181335
69827
129289
245820
240021
370489
92057
74251
49038
102829
16380
255333
311713
104973
177446
179069
264137
91907
130880
215303
317145
137196
55819
49001
258030
281710
64363
255204
121646
137204
5003
110602
347410
214875
177189
106145
243015
334717
192654
210648
240274
8418
16340
132808
121174
279063
275763
141125
360561
203130
8257
353674
161250
8399
328363
132805
115322
74363
317146
176712
55720
105865
91723
371258
337254
87930
169891
268118
334439
103953
60309
74201
92040
239850
91601
55758
168472
105958
74366
281591
176710
258023
170542
66120
117193
267079
69814
76959
21777
111474
279637
137850
281413
21872
334447
87288
177439
8293
242678
69714
66225
322250
145793
105193
142190
358152
66281
132868
8802
91779
66147
355343
353680
281301
259576
74387
271930
131191
18445
55799
66301
129331
66248
129290
233357
255078
8806
18413
60263
197288
322533
316679
8425
74216
92043
55671
240615
105212
64413
132223
204318
259746
240267
233667
91921
102843
8334
331292
74329
307537
132813
18439
60297
148071
310922
259750
55749
260030
83120
8360
117185
247348
55816
341962
242286
86354
36839
245808
161276
74222
276808
129294
132287
91137
204870
280829
21800
260038
91360
233361
69701
255010
258028
314566
121325
8353
59015
148253
91938
21968
259381
323668
353699
100976
371934
267682
177428
8586
308820
66112
88934
233346
260044
239207
371458
264277
66046
176031
187227
223919
18409
74299
364112
21939
8376
240447
115317
69782
21900
49014
110607
311439
214874
115783
371260
137214
260031
115781
339080
325101
21948
89017
92037
317656
311106
21966
105953
18434
64354
66048
104135
161149
158600
16405
22038
117547
66240
267691
92578
368642
147944
310924
147462
8661
36868
91220
130877
78330
129245
281676
338507
123262
240449
21772
216715
353812
271427
101124
352364
88850
59024
338379
8748
117823
88893
60345
224210
281993
117578
337253
278957
140384
74374
49074
187291
8434
16086
74316
103156
21947
83136
331128
117180
242677
282000
104140
117207
246214
91213
36863
117170
74309
117169
5051
64387
145757
254728
21897
245597
36539
223684
21908
159487
305561
142025
204105
264280
267081
115775
259748
64399
215429
281995
311109
36548
21950
104145
371252
8264
264274
206011
136503
323672
240269
204817
268714
8400
88829
8810
245549
176411
268902
255344
86558
94303
189005
255398
261013
317112
286549
117534
240440
255533
173493
238826
100980
117415
8283
210873
74236
331290
64335
328387
335100
105370
335418
309671
177443
91353
156772
18404
335422
117820
8337
158580
261228
102839
165638
317452
358256
64356
281950
115910
8355
117577
54489
325416
55731
147103
147561
255350
197528
286195
64358
243016
5005
106043
254762
119522
177275
345535
261722
91719
92042
240436
108000
162352
64386
121638
8341
352360
22037
310920
192799
132289
260455
311435
118641
194657
267689
233333
272765
240432
103992
281664
74184
174766
216238
239190
91927
48956
123300
18429
146918
360195
117555
217583
248367
233705
117618
142711
129309
248362
74234
36902
255205
259745
245822
310133
259095
147106
60254
59021
308845
168477
335763
59000
308925
196290
55759
331359
126121
103157
16349
331360
36944
74346
140048
102840
91357
117210
325030
103995
204637
177682
117866
16353
87232
117176
88042
92570
233345
305557
21951
281539
336679
60260
103893
156913
94052
275770
122588
239210
278956
279065
22001
66238
254800
223925
247635
182977
239196
111397
204636
115326
338510
1641
66279
74180
91734
331358
145765
316298
282004
334446
120805
130361
365650
260456
234091
69734
74178
223929
311641
370727
338506
317981
91578
129326
101566
255072
371796
281652
74177
213358
331368
54484
60306
69799
148063
5085
260094
192912
142013
346560
357427
268705
239846
69140
16348
75551
281956
353695
69572
315789
118644
209316
279929
260034
8289
308843
274510
267858
102831
137855
233118
204824
272814
215430
321048
55825
271534
281724
311101
353672
117409
338377
16418
272471
180573
259486
240022
91913
336374
134623
286548
281711
176716
55661
370525
173649
321489
142029
269040
357421
188762
202209
255079
69789
258418
205434
8365
122255
92573
310193
259382
69807
259531
318651
119445
103663
18424
129259
364158
334646
8655
334196
259380
180046
87184
91144
87586
74302
18427
285753
48983
105365
205442
205438
311495
103668
161279
36557
115900
204872
104972
106968
368624
16430
99415
253054
269611
360677
240019
261057
272951
91718
147111
240442
179066
132803
22012
92074
259747
309805
269623
260035
141991
328383
15584
205578
8401
353690
204830
147751
119940
274444
95587
281210
285789
48955
197533
285784
64394
205431
121940
223008
233413
55811
103961
371791
39870
91924
36844
66259
129261
16431
262453
83164
321042
336533
123310
281280
267141
147748
240326
233355
147108
131198
309542
331286
105944
347287
8250
112353
64375
74373
16339
147125
194774
281626
260584
255334
83181
116560
233701
318710
364166
8255
115917
278961
116700
124998
112059
311432
258997
21970
69627
260028
36683
48962
112061
148259
83106
274294
147004
100974
105874
259264
60264
338515
353684
262455
8231
140809
132497
101121
130362
66135
266088
94053
205576
117819
110591
74375
214857
99308
270235
141121
253070
168471
272840
206800
113785
121939
22046
91145
137861
22049
55814
308445
16413
133948
353761
64359
176646
354235
269619
133767
132154
370664
124884
205970
258081
281215
182989
223162
92065
266801
119794
8697
255194
273302
55794
192916
69560
5095
146942
92056
74343
328365
132288
137873
204493
266496
8593
209624
162213
159916
86194
267149
117876
16423
337248
74384
60302
111477
99309
66126
240454
142010
102842
110338
74187
260577
159428
69571
358097
280229
253071
279069
240433
8292
331045
105943
343262
69776
36908
260039
94428
142016
99017
95203
89023
282001
261061
105202
54502
147946
274004
91602
8350
338372
8589
177093
36559
281665
8322
91737
60294
286543
267140
305556
91584
281714
338827
266092
321161
255069
242682
240607
117543
115321
310134
16078
16403
264278
66140
21898
8253
22016
117195
240538
349392
8278
223163
99314
273651
317655
18450
116698
60284
118286
285783
168403
126130
307631
21905
8819
247785
214863
177437
169826
233331
341961
270227
148254
338788
60282
129295
120942
60329
98602
245761
331075
142018
103969
36854
8782
177293
113464
317982
8245
192648
371792
337063
105211
354233
280828
202980
74280
69563
340408
317984
337250
118639
316138
22006
92569
96158
102823
278824
214869
117542
159910
322987
325095
206015
4998
152506
98947
168470
255075
355341
371789
233341
64403
255337
147129
189006
137853
74166
268112
74350
321152
243471
214672
66118
353675
214876
74388
88849
328356
99313
233707
95579
21876
132572
239193
176405
117189
278931
18459
267855
129310
66273
240461
371261
36848
279011
205280
202976
345830
8693
48963
197536
88815
147105
130872
146649
83203
240444
281668
102846
277903
22050
74276
311082
83234
307535
281709
222986
214880
5002
74296
315759
279072
268228
275645
339199
344506
140000
274006
74221
74386
74195
336418
132281
123377
259332
99086
115327
161524
204869
309669
177423
89026
177327
60293
285787
176584
136506
112352
194489
8266
248273
255388
371982
336419
255206
8716
176645
148255
255391
16402
354277
117416
126126
195390
89018
331062
8285
103658
38382
177271
311005
205978
36842
264127
69716
129244
92036
113154
16379
212467
340267
5040
338826
66228
58984
21805
173846
255351
162287
66305
161260
331604
74301
21864
341960
117570
270224
103661
69682
268708
21949
161277
123297
352358
266083
91591
281239
188714
55724
347289
204820
310431
162346
354279
214873
8370
311084
259818
66306
195120
282009
91358
117536
115914
137202
94306
66268
281228
255348
146771
91570
325097
139709
240437
254729
229073
187228
210229
137194
69813
214861
240439
346384
281584
92046
74164
240427
146641
91574
280311
103159
60349
8367
176649
74369
106963
55822
85384
239195
205285
204835
269256
69835
180212
209676
100987
104979
248366
281219
346578
106146
36828
8712
115340
132794
147461
353698
74326
281298
48976
16404
328360
74240
91731
337194
147755
132814
132283
176577
121326
91926
309436
115325
336329
142024
223923
328361
36873
162297
371804
328404
139895
176447
69803
117571
104975
206050
176586
315003
21933
66069
74385
22036
274638
281727
99317
94056
180045
137192
113782
112033
95580
75568
269626
48949
333248
60338
281722
132221
310883
310077
357730
240445
239840
357423
16347
23011
325096
279309
132801
255074
88848
129293
271535
205575
305552
60279
125007
255346
94054
325874
146640
268113
277845
59014
121313
281715
117538
83154
281669
240360
69558
336683
5063
5091
255328
310307
117173
314935
117814
60327
8808
295749
310131
8270
36533
36942
261055
36673
69816
192649
338378
83182
202979
206051
8321
281670
66115
8323
66291
102847
92041
146644
60347
262042
21845
8749
91914
325009
309991
223921
18453
371250
328402
88812
323488
285650
137862
353688
91583
187290
74391
8328
64384
325109
196292
8260
110562
162045
122271
162350
8314
323674
117821
91613
346559
158643
177307
8824
91599
74310
181433
179060
277914
169976
101122
282005
202800
331129
215920
111413
8237
347521
206059
308751
8421
233339
1094
281958
89024
36545
353666
137869
170652
363938
120959
161266
214719
91609
311714
74207
204321
352359
36858
210649
273811
161069
108806
269251
132872
146913
336681
266293
286551
365642
196082
215302
103993
8591
233344
115820
16389
89025
311640
368643
59005
266085
202016
161281
187229
111475
325429
8271
316464
279897
5014
60321
117151
261724
8747
116694
69717
21960
192758
281998
16089
148066
145960
88847
118291
126118
66207
126123
282003
279927
253740
339076
69796
49008
60308
214618
239198
103967
308439
335417
262447
8397
336387
168480
54498
268923
131205
59006
357428
255809
310871
267773
317735
168486
255012
281675
8277
331047
259753
60299
274634
317148
59008
66096
209339
336537
66064
78315
60344
83463
178002
270237
74304
104142
210875
8286
262043
58987
103089
145796
314937
331067
116697
91900
112612
311014
178678
281677
8798
145792
240018
307532
354348
111375
370845
240605
78316
64370
239200
308920
64319
281594
59029
233356
83461
137863
36860
281707
66131
360159
117540
55818
177026
21896
210025
215919
100985
88813
371802
92334
95156
8746
259361
280312
195280
99315
118322
137208
345829
176580
246801
21991
66292
203120
91725
8234
261873
142031
36837
74157
91139
83464
74215
129312
286250
255396
49000
271173
223164
311012
122589
180044
280815
159914
142030
8331
281712
275764
178679
8592
146772
107931
233669
176634
323306
270222
240441
339074
233726
49030
102856
177311
177325
74239
269041
113462
310252
36670
121298
240451
130879
268116
341210
132870
129323
22000
281581
308527
262449
8371
21971
142020
91098
309901
206014
8230
69685
103987
240479
83158
286544
204036
21808
258036
368927
357425
8796
371248
265661
160238
21879
336635
137213
154725
69785
371806
83119
240434
223928
169853
308711
129254
352356
48979
16392
188827
352367
338512
8771
239209
331130
8373
313912
147562
64372
267857
118323
255521
177868
55664
269617
338824
192830
103152
91094
354225
210398
295876
328376
111471
267147
205976
269036
242671
117616
8361
197537
161924
91735
21927
110705
281225
261727
147253
311010
8811
66287
214575
74247
69819
8248
277080
233354
245594
274635
21992
18438
310921
282002
21963
275494
310646
360615
338513
36929
91741
352357
240268
205897
59019
129307
75543
48981
8405
146406
346556
146643
140811
91716
8423
204874
331071
371983
343263
179083
311437
255197
117408
159917
336378
105993
103153
205440
321149
117150
69631
321046
94055
130358
270047
130818
111400
214864
214872
146646
121305
74330
69805
282006
8755
74249
16390
112057
83462
240448
240419
137190
93825
188718
205429
66254
130357
206740
259533
91141
271900
69694
245760
8667
18428
139966
177272
242280
179061
83184
180050
64323
182979
60265
328379
15577
16381
55666
281994
192655
92062
253050
8288
49020
105213
233662
204628
331044
147107
308525
74278
83460
36918
69836
83186
88597
85454
216027
148056
246027
355339
352362
364114
66081
16371
103986
311441
8269
121296
281671
8432
371809
255196
115778
146164
16350
371347
205988
91425
75567
44926
239804
60289
260583
245596
8822
146936
285788
187280
337249
162044
168468
223683
18456
117171
242283
64360
8775
233710
280813
36931
21793
179057
161270
240240
102849
281997
206018
280720
131155
259334
48996
278960
87456
204831
8316
168482
69635
152505
311448
370802
240016
69700
8295
60280
323671
8303
255395
202801
248365
325356
129313
8380
8313
102841
147119
264126
278784
268114
117205
353686
362766
201781
36851
103085
8419
268117
341966
118645
311446
325111
58982
243475
369159
259567
22040
8317
214871
216641
8414
146399
74208
21764
117617
308447
210933
337247
115915
117728
91421
345536
239845
95582
318925
8298
8674
305555
74361
83235
336680
355347
144887
129315
279064
137201
269249
18463
18410
78320
183268
282007
21932
132285
49042
110703
69804
83165
116699
281299
197544
233708
103154
265665
117569
74256
91588
255011
121301
281410
132802
5013
91897
118638
58983
202018
349391
180145
281586
176578
205985
132324
364159
265906
371798
66051
64376
253743
18421
255295
354309
74358
214577
122290
84688
353700
325092
278952
202977
66102
105941
78328
176569
264129
103985
202978
91899
344454
8343
310927
148065
202923
141122
197545
321163
371590
233670
109839
281672
341969
146923
217297
223909
233704
253114
355340
355377
83149
60350
74341
195197
316306
347285
21936
18448
69791
233358
177683
138784
334445
21903
60316
16345
168481
91576
331068
72675
262440
74339
324439
105867
177430
107079
91902
91713
55672
281567
8389
91350
274007
262451
69139
18412
254715
195719
260026
88844
177435
106031
308837
177442
60311
260453
95406
74317
101132
261060
331122
111473
21955
115916
248272
339073
69798
176633
346554
108804
88817
240600
243113
353763
36909
151539
192829
318711
334443
159928
187274
110815
91742
123370
66095
367379
330641
259335
8428
93508
352365
44637
58978
168479
66101
196291
8262
161272
314933
91615
130360
93506
18441
83122
142781
265663
281237
58996
137871
281952
282010
132574
337915
353694
8311
142017
55764
255068
74336
205287
240463
64362
371457
99013
58931
311442
279074
59020
309990
126120
329736
4988
115481
96490
354244
83239
240544
364104
147789
83109
270046
116696
91706
21926
36933
168465
333778
176568
91911
177431
59018
310923
128133
202987
16426
269621
16406
115485
16425
204828
140251
322536
99057
275765
240595
91722
22978
66310
176852
240597
113784
328374
92063
49025
64329
177022
240602
126117
55820
197527
130871
124999
112060
278955
60287
74218
21953
91586
242285
205423
240543
103962
92752
140545
91354
259527
86978
36531
105195
157041
346579
245807
318503
325413
147128
105192
346340
261725
117164
260040
120808
105362
16420
308710
8582
197541
137849
21925
141433
202208
66232
269253
176161
347414
311004
55722
8256
132732
233703
115483
255397
117174
215990
323677
331126
65899
59022
74344
264132
259156
177140
205284
93507
142674
233349
69566
142027
216716
217101
205981
281953
5057
66295
245295
117186
177025
60320
60268
89028
245823
69693
111426
21880
117289
94057
336300
106461
311730
161112
262441
122476
255329
233666
192795
240423
87084
307533
308450
214704
141129
91753
74241
295873
55755
66109
240359
223918
121304
281235
323682
129260
205967
18455
8315
353682
205989
117539
74295
308499
324205
331064
92076
54619
18406
328371
147556
66311
335415
117870
260024
107279
145756
308921
66285
353665
210650
255073
83163
233334
280690
103951
147752
255332
168467
8752
111433
223915
240596
310079
214877
66303
129288
74233
223913
18440
115904
216560
364107
194482
266292
66243
74193
65996
66110
175182
8780
130206
353683
268978
161268
253739
281223
139896
248226
356895
132325
36937
15578
214854
66199
21907
92331
137210
151540
60318
278659
161282
331639
262448
281306
148004
370791
340409
347286
36840
308497
168473
122878
177269
58990
8663
311434
267842
329737
331069
69698
21924
18416
69697
281590
18464
8812
66106
74176
75561
131681
16383
336324
192793
146924
8708
259379
129257
55798
271271
22009
281226
209315
311081
125064
239208
277916
121320
117873
36874
371788
269039
203969
91355
281234
205986
353685
48986
310614
69696
105957
272842
69702
141381
103660
204631
111431
22033
182985
91720
74380
245824
74274
132153
176570
55801
331284
18426
105203
88254
311006
125008
91140
176572
269250
345537
74217
74202
131197
240539
162351
60346
179063
64389
106083
60336
69676
16343
371262
104139
21888
253075
125001
124735
209313
311087
268924
152504
277913
49041
176592
74335
265658
281667
341964
371253
197539
21914
321145
66274
280814
21856
268718
129314
336473
308838
260027
60283
323676
168475
147110
281678
262038
255600
310029
214830
321170
132792
159923
268488
249363
276846
8362
117875
98655
8805
328378
66146
260036
95585
21902
137866
146162
91709
121175
281216
317986
268806
267080
346575
322534
156933
111466
177274
117209
83236
233702
91908
74311
334448
83185
115780
91216
277834
151381
21931
92339
161263
305550
325297
74245
181223
91912
332172
48947
115479
91581
137191
269618
8395
36542
8274
331599
18452
99260
117175
336641
176641
91356
132809
5111
139523
321148
168491
159920
117541
64414
137207
338370
255009
267083
194827
48975
21954
328398
204822
177444
145658
91752
55665
74270
74283
148057
66129
175110
204492
321154
69833
331349
170719
8236
140812
21996
129255
311444
177276
206019
99264
16393
202915
188296
64377
48980
271408
5020
295875
131189
371459
74285
264276
275695
55817
60330
277906
242685
321044
267227
205433
273322
346570
364111
129246
316012
224030
60298
74334
69824
272933
111398
371800
285781
192820
132798
69831
132727
277084
108807
105064
176300
269888
261058
259743
281577
21993
332277
196939
145772
365646
66090
240457
60341
273634
332173
159925
347409
111460
66269
328370
121306
92568
205279
91351
168483
281954
145767
1092
262066
116579
8424
335737
353696
92499
78326
214326
91215
245592
48997
105369
115323
21858
194488
179058
281682
331074
331076
240460
69553
279925
306087
111503
64330
187288
265662
338508
123302
253733
321491
267861
74258
268712
205427
281232
91707
368641
111428
371263
242680
286539
148055
233335
272841
214859
55727
168466
59026
286545
105959
233663
233347
113786
204629
74190
132280
162239
278919
8382
148058
137199
177438
105871
307540
346558
66290
74345
353759
91427
325010
8284
310925
245759
332257
177421
371346
245056
111504
103892
107080
16087
48954
91143
74337
261720
253076
8346
60313
337127
317731
55810
21846
99259
91931
274165
87396
8615
64321
305559
91580
262044
55812
99014
316240
194606
87262
152501
192913
336474
233348
69552
314489
279926
117614
36921
8327
214574
130878
146932
223193
121319
328357
91091
21962
60317
121637
74238
116701
64365
16399
66263
311431
118326
84364
331367
317800
217102
259160
21809
64325
295872
313962
21918
240462
74320
126131
122592
21969
92054
344897
223482
111452
277905
202916
88387
8786
311659
16421
255200
137858
331081
308446
16424
372199
102459
318790
368918
125178
91727
104134
308442
103160
18462
16075
255393
92059
240264
147741
353691
105873
256220
115782
321492
161925
8384
94309
279809
91936
254761
245821
332255
103959
105054
85453
265664
146922
132322
176403
118304
267142
364067
92045
194495
325091
69811
89016
132220
74389
273854
83204
307536
187287
147123
177441
8702
329745
243469
267139
66105
202922
66299
323686
255071
147318
91739
59012
223653
371254
21785
267257
209340
316141
34460
336371
177023
161273
69557
132321
54490
369386
124810
133774
117817
308498
66128
8427
310918
176409
371981
308448
8290
258024
99270
336375
240328
204490
91135
187273
281220
55735
110355
130356
121344
324855
99311
58998
107082
318324
129311
223924
214619
69718
274509
22042
117858
268716
255208
362764
169816
111459
341965
8416
239843
111464
66233
83200
55800
120779
16090
147130
148062
279636
137211
83220
117576
335416
161926
259158
311430
74370
233336
105201
99312
111463
240020
177445
36551
117420
132873
8374
129305
118647
121636
321293
64364
308985
22039
74248
22014
215785
266498
111399
105869
177168
268706
60269
267148
58941
267683
74313
60314
255077
66266
286556
255065
95183
58997
55751
281662
279550
146407
309522
55754
69830
21944
310030
353733
204624
243479
8809
270221
180041
363696
136505
91738
260217
337759
179062
21928
36872
279068
281575
105200
109838
93831
110563
131202
36940
161284
216240
36920
118640
129266
115912
92338
5023
145750
177968
335761
66116
48977
130500
246800
36541
105956
240239
323679
97804
159918
129249
321169
368926
8308
176711
192794
105971
8668
78324
122265
223807
66139
161267
338509
214858
253077
21798
331065
117178
60258
323669
321045
285690
8390
214718
261283
353689
197542
177329
197543
308844
129327
358153
74264
89019
49039
8581
259740
285834
74179
264128
18431
152497
132815
273890
108805
240599
246988
8349
311295
105870
276763
281570
18399
91745
334304
278962
156846
111430
177309
371460
21778
91903
325412
280665
370803
338455
83233
137189
21784
74307
118288
259751
8768
281568
265655
177324
308709
260095
103087
8754
66058
48967
91906
87264
353681
240456
215296
117191
145749
64373
18443
206013
130875
21990
245955
270860
255525
317978
152507
335766
255070
214867
360157
129308
146648
214227
202924
197287
204819
91932
339903
281218
64406
357422
262046
91582
355345
121310
22023
141128
21871
102838
268649
115907
281240
202983
129332
267854
66122
66006
260451
74354
21763
8393
92575
48959
108001
69802
36871
285835
336640
176647
205282
176848
16412
215304
170676
338505
66276
310137
129328
21923
233337
176404
74338
278641
75566
277849
362765
269622
277422
146938
240446
245631
36534
266086
281666
91222
92333
260664
22034
99248
341963
261059
281957
341967
92574
176851
365648
282012
60324
8677
336638
269981
315001
192796
103894
105875
99268
8590
8714
100986
216588
129258
8251
8650
187234
55823
74364
331080
111422
120778
125063
307021
83202
78317
86441
74324
277081
267681
255528
355346
314488
138783
69550
311216
266094
91217
214865
83117
121312
336632
144609
161288
117172
116695
64374
344453
259532
21959
112055
278020
74367
103965
36943
336376
117544
66143
8356
310884
192797
58988
178882
260032
270234
122597
112704
273301
317730
21861
146930
83125
371793
328384
117208
245819
176648
317824
265660
69801
260096
281595
247890
337060
328369
194481
274511
8291
279898
75535
111396
281305
168225
146934
93505
117190
8807
103656
161275
74219
261726
336637
74261
91901
204915
74379
370801
55791
146163
103655
171030
101129
74356
255335
18415
270048
122587
64317
264124
254984
311660
176585
117417
138214
103155
240540
100983
177426
223681
116471
147320
177310
331066
22004
233359
74189
55667
310897
49068
16435
239192
336472
178001
125020
371259
18435
223922
274002
347519
146891
212468
117143
267860
281307
74308
99267
240604
21912
331094
8310
21964
328367
269037
147216
257262
103968
255201
117816
214860
8412
49040
323687
337256
260100
21839
220488
132733
92336
111476
205139
74381
60267
311083
304354
8294
117206
369162
74349
74263
89027
142032
74347
8711
69808
244962
121300
328359
204838
371257
98480
253079
233489
123304
281571
8282
130813
118324
16410
123295
147770
66054
347411
275769
21895
69548
92075
60288
66070
21847
103950
187961
142028
58979
74255
49071
205571
204396
85407
131153
8431
8363
8276
310099
91589
55797
87229
262442
262045
328395
105367
21935
255534
159927
69736
101120
275768
281587
137868
277690
321146
205982
103890
125070
60300
121294
78322
108196
106542
275771
59003
105939
321150
223658
364181
336796
328393
126128
322532
125005
264135
281574
260983
331326
95393
117574
179068
92395
205572
117869
64379
87085
259216
18425
122654
319139
325110
281621
197540
8800
130873
142676
58989
8671
267687
139439
148069
240425
18454
177273
89029
176583
323487
120807
160235
178683
147557
8275
317149
148067
316900
91603
74262
8296
91142
223912
307539
177333
16407
205966
215297
305006
255389
112897
145758
216026
281211
48964
344457
256795
66256
269958
214870
270230
331049
321162
119369
277907
371797
36910
55668
261062
146645
22007
281726
130363
259331
118642
206739
123298
204873
204634
224153
21849
66082
115913
5086
264130
240455
205446
266497
66074
308840
204489
55802
281282
88381
260457
132282
281681
117162
22020
177434
187285
87231
105206
269959
261721
60274
335762
147558
281659
268977
99262
271709
253735
69569
371790
261065
18401
66089
274003
8392
69740
22032
16369
212469
105955
137867
99099
169800
88846
270124
256224
74259
310033
364182
92335
323683
240015
331352
178677
21848
268709
322531
21874
116427
271171
123303
60256
114572
223916
103964
129251
157042
137851
8406
104020
111472
268948
344976
66309
145752
261723
173845
371977
281588
74327
180043
60319
5034
323685
278959
65998
240450
8319
176715
94314
333678
5009
146935
245554
205574
92572
92038
74287
338790
74272
103994
75565
233329
152510
223682
8751
240324
74323
92055
205983
8247
159924
69622
106965
74253
21942
310032
269889
315908
249344
333197
64357
18400
60262
69545
204625
75544
253173
140127
36913
317987
233366
335411
54504
136504
281576
328368
100669
176579
36845
21965
209677
66092
117867
99416
205972
276848
22031
281213
132799
134298
16438
204766
337319
337916
21751
344895
111480
21790
118646
142026
194694
269248
91905
345842
282008
130359
307541
279876
84566
118643
92576
281582
94063
69733
188710
364183
318690
317734
323678
338592
357424
309681
105194
240603
322535
58929
281625
346576
59009
133768
281713
161265
266201
328405
311436
176714
91933
111469
187284
328401
253742
8717
91714
213273
243468
310136
69712
311086
267690
91732
8820
195539
21989
66296
258032
281999
22979
147753
60328
354328
126125
58980
311107
102822
36556
286538
325100
281674
159480
91214
332083
49070
115774
141123
177425
325054
259752
132806
137857
260582
371264
1093
48982
91909
265656
204837
137872
328406
177436
328403
341542
130817
205984
240458
8309
159911
188720
205969
69687
91587
93504
59025
69543
69779
176576
16409
321147
137856
155890
129325
277837
255522
105992
140328
321164
69769
161278
316139
178681
328153
336532
64327
202920
308839
132871
124520
91920
352361
329738
21860
87593
88818
119370
21916
223166
74267
255530
278094
273484
69837
146929
8378
66277
147465
132731
223535
5032
38441
91596
337320
117818
74162
103991
247161
347288
110701
325102
214617
267859
195521
104144
21853
195166
132591
311445
267677
281304
183281
91136
266090
59023
91594
123296
286546
178680
242683
129253
5080
197534
21958
240223
206052
254763
216029
8781
16419
21911
248363
98926
161071
371342
278958
334441
345538
74196
59028
268713
253736
315604
8658
55734
259569
105210
103996
101127
136829
74292
115756
281322
331048
91614
121295
217571
285786
111478
277847
331043
267684
277846
129256
91096
168492
325093
269624
91422
129247
102830
188924
323680
159930
69681
69707
223165
286557
106964
105197
240312
337251
228735
16342
60343
267084
117572
314936
54514
125766
277421
182978
281227
345826
91097
132218
111500
147124
262444
129268
91352
103088
323666
268138
272815
69564
8318
121303
66237
66008
197532
74312
255207
230342
