pk_event_dim
87698
96878
233869
93396
93397
93489
93490
93491
93492
93493
93494
93495
93496
93497
93498
93499
93500
93501
93502
93503
233498
233502
233744
255209
310373
310399
310400
310401
310402
310403
310429
310446
310449
344656
264029
264044
264045
264046
310867
311112
255226
255227
255254
310162
310220
310265
310266
310306
310320
310321
310322
310330
108812
108813
338857
39610
39615
39620
39627
39631
39634
265325
329294
249529
264098
264153
328683
328745
343390
232632
232633
268055
268056
369619
86013
262575
323527
370177
370223
233036
233037
233038
233039
233054
233055
233120
276695
317353
324260
324268
324271
324275
345764
106170
106171
106172
106173
106174
106175
106176
106177
106178
106179
106180
106181
106182
106183
324177
324217
370528
29456
29457
29458
29459
29460
29461
29462
29463
29464
29465
29466
29467
29468
29469
29470
38575
38576
38608
38609
38613
38614
276283
276284
18471
18472
18473
18474
18475
18476
18477
18478
18479
18480
18481
18482
37904
37926
37959
37960
249230
267009
267011
271902



