pk_event_dim
333433
60622
346926
280290
195223
67329
66888
278860
13018
51693
41994
129500
309124
316052
1006
319022
202504
58975
23120
285449
77139
105885
353741
54822
206993
82645
318319
250126
93458
112401
175346
163902
341865
306581
232540
69944
84471
27120
275003
31300
249034
24013
277203
360183
269480
195763
161665
56133
43410
87004
226446
68850
364669
106750
14359
119988
193311
55183
119395
238132
331757
348723
210246
43208
105055
54940
42061
180144
38688
90167
54952
126749
327391
161599
277782
305300
14083
336841
20840
26823
38316
164862
66433
263684
257318
89751
66902
107460
196633
368084
126712
118709
180847
332082
227938
115635
10954
362945
188726
142397
258855
259198
91939
207139
364085
353165
13085
236332
249031
277794
54960
212617
255920
54712
98520
267360
85029
246079
295108
55234
51793
73539
27335
55130
14430
13680
191519
207468
245734
319717
93248
165691
357702
61082
72681
55093
245385
193966
70396
323057
319766
33590
89852
212684
265483
120709
280992
39117
370221
120695
255821
55202
5805
249191
7124
362938
240825
332573
116059
346538
371693
338256
7176
196473
348926
33243
161565
304440
354325
35
327354
55826
233988
114313
64307
142564
344690
179806
135064
202082
1794
43524
55025
22981
37890
321195
245396
346019
92344
124184
229923
15279
347868
119985
134426
129527
55151
221246
152882
119948
110223
289703
333882
98627
310880
127461
99697
354691
178744
299574
19111
55184
87093
109758
70100
103027
225257
27376
365017
14422
133172
212478
100399
78642
325292
322400
119997
98573
206203
353508
91148
43264
226416
14153
360691
125272
298404
274246
105683
130429
60719
340575
309317
362994
90530
44009
27916
70739
177630
160804
223549
12420
130629
117402
259514
92078
84093
124156
146905
370082
233136
92757
261579
51860
219853
34200
188131
7174
326773
14512
96743
367773
344471
104910
343387
41524
292965
170938
9326
361352
119088
6213
153700
39694
369485
242038
358857
27932
14335
334497
277418
51851
188208
159672
291152
226095
94316
147332
72859
248855
25699
324422
305103
71346
41818
27954
224341
209603
158880
169143
34808
328294
327509
114771
328974
137718
333804
202675
74150
99033
169799
194172
188906
61794
301192
112585
183090
243532
225636
51678
71400
173552
121329
63623
239775
61230
8471
325250
20184
31660
216347
149652
203028
270566
310998
114559
57197
126848
186047
217939
292720
146382
137939
120525
25985
33318
279784
9865
193213
20845
185877
74879
93460
72663
15064
59827
194492
76164
110461
12868
234089
22163
57823
264048
225710
270877
119955
270815
74909
361918
191705
95861
244272
70146
336642
209465
89285
292509
276753
102596
41430
120729
109848
136662
7247
33073
195789
180116
261577
43579
260881
129072
168907
79984
116262
312098
346282
11057
158381
233154
62353
15221
124807
116761
126634
158349
114317
51565
142552
120742
77084
60178
227628
305163
116516
43033
355493
85272
245703
23004
120699
146950
38219
360788
186542
156998
277388
193252
333320
314610
158672
103899
247015
219583
176470
98384
157012
118705
54861
195817
280334
332044
237928
214693
100547
13069
363844
161907
112593
338975
136889
239713
75451
213531
10222
220061
20262
142860
113689
88271
42625
9883
137091
202203
120914
177063
249055
137235
349272
243856
147029
86400
11556
300629
345031
120741
32529
45852
81374
54656
50975
176446
159999
284179
226813
338664
367237
5561
70527
196275
230479
321106
164333
214473
250031
91552
248159
152446
260743
354353
182854
11947
158916
55008
99176
322517
85142
181658
54871
197292
273741
124729
319388
363931
70664
368667
330958
309843
86399
216655
109971
260216
16043
14598
228574
146522
55056
328746
353178
370061
19672
46126
328288
25449
119355
312505
54902
308614
134280
368482
210329
224087
269879
239120
51401
78397
33065
144458
147156
257724
238988
195796
278341
64654
340154
27425
90556
225806
178376
7171
23825
360913
206026
337113
137510
55166
340491
120342
106191
42826
177409
54851
132906
308303
42007
14477
119989
55193
153011
339375
13575
276864
367738
117701
328539
269796
26182
233299
193827
193148
34198
115692
205935
144038
232664
268821
14522
209117
354636
332355
323558
300154
340950
318073
15306
159475
42050
233055
62976
54146
27983
56208
96752
259802
257534
206164
121742
137582
113409
349418
269714
93166
75428
260866
310653
213362
285857
304281
190839
60068
88147
281333
92999
61328
22410
50481
9211
27392
43384
80898
51687
14207
112473
151889
63780
50700
371529
134771
339247
278561
14428
159971
159345
266188
147878
177081
27737
111380
142912
132460
117467
318940
114245
206273
205909
154713
45845
92793
176450
328516
124118
41698
43400
138493
56309
142950
340460
39798
86431
139167
246654
39342
272364
175741
60364
332258
353222
126663
65370
309532
316210
38903
6950
51682
51402
11558
124985
309285
27940
342148
70747
140951
120735
187748
11327
226528
51590
266248
244170
42025
98446
125714
39360
7797
116122
302356
134875
143201
260278
323768
90201
104671
207223
332393
173564
62386
176475
241937
14253
286043
51835
7187
152542
132382
194706
254978
110722
120743
88979
51388
42346
333747
129061
109695
124132
288887
109143
230550
20871
54899
61612
172230
228925
14446
157551
165665
214644
202251
83495
95557
266306
100131
92603
95968
50530
372247
27822
15133
68377
180925
55268
6181
90334
42633
35041
18722
328531
113676
51647
357469
370022
84195
124595
285813
233556
56115
130431
188486
129702
139452
92815
205827
349396
15412
51616
371695
74101
110215
66884
19691
7183
121487
180057
173144
334069
303620
320851
118349
255812
172804
89898
348398
136022
269848
248209
31236
82595
38943
87219
27914
299435
14435
230586
143031
55071
101165
96115
12938
101053
296060
299608
113738
112165
94344
130745
328297
287993
12457
231028
338638
87141
171117
74115
136634
194015
138559
55205
241046
32864
339258
68066
159699
117148
117992
11038
109745
239440
51414
119089
101334
331445
124336
177963
7323
273982
179357
155445
156559
32426
12078
212782
241045
39467
45998
260687
70695
246653
256798
107122
19710
150982
216823
357873
152163
74151
145615
115932
193054
101705
55091
120731
117404
152832
62834
223550
308140
14425
212608
335816
31480
247007
46328
57969
293587
159486
72240
347236
113683
104581
91254
77074
213304
241050
101593
277655
114774
19967
332473
7407
188437
273957
263298
345232
111513
340249
281383
125287
93756
73554
113754
305939
302804
68338
357697
98453
70543
63131
122678
68853
142183
45002
328520
141725
314126
94805
56942
328517
10121
338637
114282
309928
316960
26874
169798
296168
226692
305620
26292
269793
264156
245716
93813
198931
121931
81065
141473
15200
121624
172942
164541
341090
195813
336208
15219
59851
225965
364772
6630
10861
7763
73680
63534
114903
114877
85801
52234
249033
151724
16565
93662
334689
99929
25358
220024
271252
90525
345975
340096
23721
181084
348711
43570
96114
186056
94968
32264
329045
85015
308109
235244
86342
226967
27966
316414
344003
141927
99242
87392
341686
18853
73559
276957
171750
134371
328547
254730
233145
227958
50611
115954
149987
125527
69961
7745
20117
39536
62973
139363
13272
322847
243195
54997
327663
96486
59816
243491
27385
1715
53684
6274
42394
65930
93214
228326
125405
73397
86325
361612
123676
15031
115167
109960
152549
51663
39843
331846
81410
85132
16549
14528
324287
175210
157877
177736
85310
105536
19932
308258
308665
26777
340284
125637
359942
20145
14285
54719
120712
213712
25159
14266
51437
114759
322570
51657
39845
308861
14303
180157
328490
292097
160175
339703
104943
357589
58561
311488
69094
131871
54824
57630
114235
181415
108614
265368
179901
204604
339746
226935
109628
213656
370979
12436
54866
104115
62171
138076
290245
309913
67712
112175
32809
355178
113065
196054
54950
65224
74760
122170
56691
266415
275829
367156
371613
112891
87054
192041
101076
7677
305225
43012
112745
107563
279826
226338
273894
251645
306809
102064
25581
136869
349656
16566
68786
24149
277966
154560
54844
226790
84734
115811
130617
58802
109824
1146
367695
11509
139541
261215
38500
177945
119975
340676
68346
110937
94364
55204
63472
311626
199111
233184
245582
285851
31018
27359
173395
232976
174539
109380
31227
60641
335433
113561
333941
360224
228086
14353
160726
112637
247403
31118
362326
114737
7277
258111
143326
327610
318561
1185
104695
66342
100330
112100
130459
243716
115577
55026
173567
154970
225929
15034
31488
8578
12410
138946
121941
96488
100470
88137
252104
31384
14042
187474
273976
328103
255953
129433
313545
132821
138738
79385
329073
246515
314991
134390
261033
13019
118356
228784
32366
249030
359124
269313
36779
159138
173163
7266
14375
348164
69995
106237
315070
88280
224039
329297
51628
113241
308648
98171
233466
50666
113967
205529
226770
333335
229053
14235
340663
176421
339935
74429
157814
273268
214557
16595
292144
65751
323962
204066
166456
43211
93094
93284
244098
199168
228071
88659
121512
337205
147766
168287
55346
136108
258406
275636
258108
331752
171089
112073
268953
85717
88898
55160
158696
171133
240254
362250
90232
292019
83777
126840
73737
72124
14770
82606
346450
143956
334250
54955
80908
38250
237001
115197
19443
36226
125525
186277
4185
37188
70883
206210
132279
369700
36893
116983
13017
195319
71817
273242
86482
136672
40839
174941
60726
114312
330815
304937
120715
202286
12461
61043
100362
362450
189075
91052
12266
105981
74102
103666
192768
120123
267673
234350
108921
43403
90537
14174
355680
83628
73752
7681
188801
333991
27985
284188
304984
176613
316540
132277
285853
25054
341890
344441
16453
178029
195692
320485
147520
68902
11782
119033
161496
346882
176639
31151
248251
6226
242166
279240
56606
211256
256138
318767
319889
13049
314172
307193
30548
358437
139723
138815
170462
92356
114619
139047
16622
136653
83627
114315
93328
260461
110995
18717
341056
178424
122225
51858
185717
262537
352801
261090
84537
254774
135279
302134
305302
50816
11477
126609
287702
121231
332740
133658
227161
63735
93661
94201
46100
110242
38907
16333
227074
98825
271533
1229
42004
322437
268443
53370
45795
370258
367970
37362
39374
5215
219910
170962
20172
112408
327780
249015
140453
367972
201761
345037
94373
255008
281458
246674
51586
320289
39760
9294
55827
96739
171654
108812
5141
369219
34105
7219
127053
34964
54995
64630
59973
119980
210772
73167
7915
266533
216843
93084
339353
341333
326673
225942
266182
55006
124254
183373
259027
69996
224035
201841
8492
130430
110446
15192
158069
34169
66168
204368
329238
158455
50783
112161
360185
67657
334472
85107
67406
249124
28977
15195
55014
53212
349990
15539
281396
49520
308848
125556
100333
88949
142855
96489
107830
43475
205526
203004
314366
204655
123006
51675
245531
340273
74424
138298
86402
51661
21655
277813
34030
63929
110503
106453
219812
73410
348951
76126
182214
119048
368456
176086
315326
55074
125482
107861
249418
146299
120711
337948
219757
14265
51592
229849
195691
112289
116545
342265
37510
7009
131118
42343
114993
72259
45753
120776
233467
323777
6605
270709
14432
95052
43511
6885
140717
26225
75493
14328
230411
229774
267935
227083
116090
840
315428
114838
316859
142476
95485
98492
111863
245556
119381
25152
308111
238663
329642
323640
120004
4602
31821
81245
127188
309470
54947
114959
54564
14642
204062
331588
161054
86932
1819
240128
299198
1784
202590
337183
102646
215588
57670
70194
204726
147959
51433
279939
240530
158128
131866
135352
228428
108773
34564
292067
348207
93203
269681
278606
308643
114311
362234
23679
134238
87052
294536
71230
57599
93676
90487
227560
345284
370601
248904
248973
58655
204576
31564
178381
368344
229619
318575
349175
54849
41719
85308
32908
332781
14516
116645
311268
108722
31535
85093
219698
54972
9881
51454
280471
156829
61834
88820
112696
339364
333867
2945
228091
278459
246520
14524
4706
70150
51807
55041
170285
112540
226562
62958
350290
364616
201306
152522
168256
51377
51850
79681
13911
318615
306199
25909
134736
40820
55257
140269
247128
106792
60098
42280
111795
108297
349005
152138
314743
133488
14344
56314
358226
360599
364792
152180
51582
139963
295565
14357
141150
19100
257106
249012
108591
103576
332476
151379
270909
39154
116324
108651
348942
14438
222984
173595
230845
344757
273209
187386
337952
10927
12939
127333
120747
320670
300872
97815
172308
28689
13149
70206
7280
173544
85285
55116
128304
317622
151055
7195
10944
177895
331353
220215
14319
109643
317755
41887
317544
198246
349536
51422
362645
159027
16544
315771
116067
71441
69853
121211
7068
284509
190594
362862
37751
131143
212898
329561
270
50993
328291
53221
296378
147826
85182
129025
106471
236410
55135
316625
87819
27981
264049
105636
341743
308613
14366
340108
14453
8511
158470
140017
103029
176760
120013
261696
366793
328523
42057
228089
368290
103937
321231
14334
32133
276973
109275
54713
186151
121218
194833
136655
243192
67349
25588
135465
92353
112273
239745
225864
13248
75235
195753
372263
126783
337755
256954
165373
268539
202017
235269
188266
188310
19851
51609
243483
134781
134769
81104
54930
162080
196757
294799
159466
65204
14346
138075
105887
37436
143070
65072
232227
22297
257692
49907
19949
108358
143444
161730
354345
42839
305797
90571
333942
216803
268455
36398
103099
67659
250094
230982
227859
174665
254789
117394
195467
114140
228220
233539
700
174497
140718
233555
239022
274847
76460
142554
156556
22998
109756
42968
269795
61384
338686
347778
857
14236
42023
5369
61658
179232
39936
273893
328775
134700
14307
335361
253024
114237
93048
136637
54976
254717
233142
338937
236383
53603
25055
230542
20232
245536
51574
243590
162010
14258
361292
108016
91150
361168
328290
156417
359948
231588
7215
348793
266532
14505
326934
286784
93772
245334
160861
123607
330697
281655
8777
317882
308670
228096
282337
9230
64627
173542
14387
277210
89064
30562
336508
277408
145124
133476
134135
27696
201846
14272
277569
239694
85098
114143
156572
267311
63345
55122
126238
13047
353742
60232
161657
54907
216822
56520
141040
293510
323092
98389
120559
356582
51571
55075
86982
235679
42636
38740
363018
239107
124327
144658
41699
220188
268763
331443
71186
332423
58440
316997
58437
22025
336956
307569
328540
269163
183302
55480
233538
346891
227830
363165
63458
98734
61040
14175
367184
314547
253183
25331
108158
108003
37810
333912
339824
121185
266530
4523
308625
51871
105116
14426
34752
57664
39704
12588
42878
119632
196062
31206
360752
188520
50973
227811
14276
50378
219213
231481
308634
55000
341160
255515
103084
112952
14447
228214
135427
114783
192901
371559
216197
151631
196135
316186
356250
22582
348013
264685
114841
23258
12899
74427
113946
71035
44115
199394
277334
357574
305686
50872
332321
14250
262484
37532
161380
54843
135221
91256
283051
68376
33517
133984
96209
152025
168875
93251
271722
223905
177980
66869
74422
72083
8554
266002
329535
304504
55123
14264
19729
114669
50054
204361
278644
213938
174318
113749
219798
54983
68828
8823
171484
248916
293063
265596
308973
92398
352298
316448
51432
119506
192614
196823
165435
95132
281360
43970
87096
183379
158309
12002
30586
312159
265130
51537
19301
210667
362507
32207
14392
227570
103126
334213
231047
55180
308628
309659
64486
322421
106533
241049
138560
67408
130623
246861
278541
267675
112795
78034
287790
170945
27110
67736
118929
241538
333244
322287
23761
41756
228140
117886
9391
127186
105886
271127
112346
108586
268452
126755
225103
328289
135763
7229
84573
124168
90612
97409
177680
35230
103026
102898
5683
134748
277797
323747
120518
63233
183008
34772
22972
77069
231031
84074
131843
368347
340276
314287
199122
108228
39901
249339
328499
213385
192837
51692
143210
273256
190876
51004
328271
172387
322328
98496
95845
242702
35270
136168
280763
55862
227306
80392
226929
10914
77511
171498
356944
287442
177139
189535
13988
91675
85350
49737
277789
13218
320163
84723
61379
10184
33310
329433
189745
101276
51789
39796
323835
319976
136632
84470
246050
164219
172388
304315
327385
94130
73876
365254
344855
170931
91255
97055
230922
245685
147527
323073
15055
14792
124748
151377
220393
55181
260371
328538
301577
318734
114776
266242
20030
100729
86903
124306
14386
55355
88283
248800
87200
141499
173765
267465
56780
187198
241339
22024
54964
369781
41880
42002
243191
58714
77068
56219
158542
51378
227638
53379
108259
187730
330655
61044
361649
109753
73624
198473
355658
356607
104952
149808
55352
115895
213591
349788
54687
102622
21730
279126
103552
136842
347710
109860
233153
139583
94019
294817
54883
73670
277746
295073
140340
179305
336722
367612
7190
115849
331959
347900
37653
84924
328296
14127
233926
283640
44125
85710
114565
362577
124682
362895
248818
87123
273359
289630
85087
186846
305174
233131
54980
344572
230844
6597
258837
292877
356438
243424
329593
270705
256806
33806
309965
102991
35621
225782
25294
40764
362940
28710
100544
246836
305926
185418
64523
6306
341473
367780
291157
109755
76683
106033
333564
51638
248796
247797
113681
88482
302061
257368
22136
145891
55080
293292
189558
68563
109813
227187
213570
15213
205610
301851
39985
119987
28063
173331
157062
63774
27697
176976
104902
202512
22414
190160
120408
370187
269411
245806
86949
371910
318881
51612
127623
332558
30878
74392
194670
29108
206190
92598
23441
106470
90721
111567
105393
205373
116568
279760
305072
230338
93719
26931
14179
176292
81373
51554
152649
22153
252935
227871
114632
99087
318756
271723
27753
154296
226856
10939
14188
362176
129044
226205
7193
93189
120702
135114
88021
85818
243466
361809
96547
20868
234080
257912
88821
117403
171806
196793
86685
146814
120763
157028
994
321189
89779
94799
114318
85796
334753
341172
110120
50256
142565
105584
279451
328503
124804
260264
201753
15095
67154
84532
54862
355030
297360
95939
56671
111880
68339
27919
27978
260619
121402
218128
14171
246505
6188
228275
170904
10574
124432
51461
16591
79167
70705
267151
259800
245700
167802
240363
136693
14377
36999
146431
126514
117589
1036
44237
259222
157073
6209
58900
93801
143596
11314
245706
324953
163927
190435
98676
66315
71185
105884
131558
253548
14459
310705
315152
90154
23582
270640
16073
238999
150589
4645
342051
253091
341872
1884
131021
307823
44396
136642
340931
334396
92756
308801
55209
323437
127786
339319
228208
41497
177086
57598
27961
50114
138273
318681
266185
236590
54679
156216
314748
117297
167399
126879
88799
110700
285072
220449
328281
307464
240189
328284
283794
62397
40006
25320
314169
37763
257934
60539
329696
172865
136372
354336
76340
220563
370024
104221
84447
319443
54483
120767
113912
77251
225473
333772
225968
174625
33981
67566
135057
120771
39789
311407
58619
39788
51389
92357
37675
322845
114921
233161
109683
316574
105506
88596
109390
324954
250923
367329
11290
299653
369962
61311
31537
115769
304933
329155
136870
175097
319415
134267
109673
14513
111807
233340
58515
268283
328150
314352
176617
62952
261127
202348
58792
333945
41335
320710
220035
284072
249138
346452
120740
6631
159587
279951
121929
236941
134384
226273
353524
51420
105919
131597
304936
108255
148678
82632
5269
222682
226646
121238
226564
42985
334258
14128
192927
117582
108406
244887
233480
27987
268438
350282
51126
114769
63421
333386
343593
51670
123144
20906
55165
297273
157732
114314
176352
337235
63641
174778
10495
80431
279302
261086
176251
25642
328444
308263
130330
259811
34003
144730
80847
258039
96420
251430
230443
85730
298365
4
343827
261092
346614
361314
72171
36736
26360
42058
54944
226626
224098
290139
51570
230633
228078
151496
281404
181711
36493
129019
51636
133949
188954
85637
320701
119946
339533
314057
42010
306857
228070
86448
189173
247022
210035
15996
350500
298774
239653
267865
267306
54875
233763
117584
193040
77272
80203
266186
145662
233147
104513
60051
245317
80850
72237
27986
50402
268357
74985
70539
102248
179966
35653
115771
198056
126889
255518
226323
44069
51655
80737
317353
70971
37758
54823
187319
179891
151549
118104
345207
178946
36566
121938
369706
54548
202242
195162
10769
138092
192553
169926
88607
54885
245495
80502
360969
9803
90324
194435
181283
81618
38432
336805
143293
213214
227837
178799
125201
363860
30239
85691
129539
226542
118528
95973
281887
308610
360945
140961
51553
101579
328518
212543
20854
136180
343658
13345
38645
161900
54977
42018
37361
69122
329294
180240
296210
366729
166878
345754
268128
243652
315038
260274
131284
85099
344000
354653
89766
259515
226174
132134
316272
51615
36304
27915
337846
333885
295877
11346
371622
349371
88455
173888
340279
230412
94321
357248
20875
19939
155236
104474
364840
14260
125418
115894
334614
51645
85464
98952
335979
127191
223545
125068
32335
33735
120402
294623
130441
296452
348732
224036
158035
186567
61597
34387
102623
25859
273983
139631
349986
55194
319090
302118
81608
152267
176494
242306
295926
333508
257849
15009
160533
121082
3838
19200
362528
110506
18667
6379
169962
25236
88895
322422
19924
136664
41782
210664
114234
273881
109757
350510
210443
119990
270254
15052
116492
54996
86401
66033
277199
121161
197198
276687
148186
120009
196351
54895
369443
331053
69923
51842
58339
14467
109504
100727
228134
354881
177087
167307
79161
239611
192090
75763
205468
54934
27749
322523
70465
358436
266181
126177
12353
19316
70912
116962
22155
308150
34801
94212
6225
55044
351502
325090
26727
209188
142721
115866
369782
170942
113285
97408
338780
310645
225501
214546
159508
83225
269232
206003
261816
259100
87095
317702
364198
266614
310805
306461
18805
163447
136563
19436
210302
248815
14420
55610
54970
7217
277855
116684
75890
66920
370685
126567
75879
130470
14322
202378
366786
347270
363283
243264
141242
80635
188447
43295
348712
122952
135550
216582
260494
56574
55043
127006
62830
84993
174046
14947
14329
308359
245244
110032
228103
100360
63593
171864
309339
137972
53207
86445
92505
254
214439
223201
33435
284062
310650
25647
109433
94533
105441
120746
105505
140594
179073
337946
360769
119624
198889
231784
43781
324306
80166
217616
55106
54686
131024
66261
108317
274931
134747
19864
248791
126976
120714
2914
126994
51446
80535
331628
60172
99477
77157
323322
14948
273975
233149
148113
239719
112392
324669
14424
122465
51543
46093
112678
120202
40749
57663
217232
157537
130549
305291
231116
75416
90070
338623
44771
325992
362346
19988
168376
55310
218138
83771
54810
5529
166524
152937
163975
360192
314711
106791
106167
348476
224681
120163
142961
121223
159187
109509
54689
54447
117109
116840
66925
328500
288336
55248
27621
233802
282517
16216
139317
55381
363407
228072
213067
14384
55094
334642
138615
5289
85262
58272
316297
127569
310953
305379
111851
144659
27139
304976
233165
96185
22403
339697
137351
49320
113739
321159
54808
168988
70541
42308
192779
173373
156804
85949
88556
174082
315877
135731
10947
315151
81623
70117
30862
113367
230830
40919
126482
39667
16028
116003
372091
338744
55378
58512
246077
292757
43349
329585
321235
271874
38922
56111
354637
38690
14275
187082
79160
357499
131839
119947
271727
64497
142907
267291
88896
336738
27927
137514
259801
345700
267528
364405
114818
189065
80587
352744
368437
299993
349444
264061
237801
10482
338959
358429
118164
222540
131431
206001
14450
27953
114562
340886
340563
85031
361543
67305
360188
100173
146501
27666
68939
158674
150263
335593
90973
242016
57031
347428
80226
229089
273991
12296
130705
785
317459
265936
268944
93611
209616
230968
14113
307779
135093
3497
136914
267246
284167
16847
55215
227620
118014
151491
1390
107516
266385
271434
137114
140390
7954
339461
5599
120936
204795
131463
323459
25620
281818
51708
228236
343192
55057
6185
204165
219951
19199
279132
317694
349590
7674
23388
120737
106298
226502
70843
146620
322487
108870
31120
87145
24923
57165
14521
10659
14400
273600
55077
14396
115875
43516
212864
238235
332413
94203
14304
259246
237742
239039
27204
25904
257756
14381
192932
267219
13665
108983
133913
197352
6320
339147
136651
23404
273919
359025
360086
242868
84873
132838
111821
269075
55214
13089
112887
69753
174088
27912
195340
51400
171812
54811
207923
317697
70520
122157
39842
206777
117246
303048
37538
307846
341111
316706
268431
9509
243216
83567
233482
86991
281500
143039
340234
14496
297699
119792
5539
75240
175125
339285
51392
180818
80236
310867
99005
148624
68860
217305
141518
314683
55187
1691
266070
328521
42054
329579
33818
129013
136808
277732
354105
14488
39732
304210
279846
139535
14361
233785
100430
328148
15666
130138
331720
304225
104268
54562
145928
18502
14282
171132
141293
324969
329310
54682
160553
260233
51456
51725
32899
143344
42619
310266
10721
132043
3001
35542
173146
279541
276843
112563
92361
210844
255092
233163
6827
95221
22417
308899
228065
314735
226267
64508
240688
304357
307618
311469
9222
114428
158302
140661
147903
269502
138165
114856
121424
182608
70560
12453
310729
120500
349036
326533
143476
93101
99848
119961
254586
329131
14419
121227
61728
85729
110075
131182
369861
300935
18778
328533
243238
361411
100489
84756
278723
99829
314112
177323
197131
232662
10865
70390
212717
339435
93175
209476
165134
279987
272606
136250
328548
207446
54991
132526
255982
210524
345211
361561
339295
67816
43482
318909
145596
51535
31934
44281
347232
230006
253185
338648
19763
88984
77606
16554
158169
309083
308604
103177
340152
55207
202973
140715
233128
171315
10491
138561
209919
67545
258000
58363
100621
187323
224956
362241
37446
139431
101814
344119
213668
99485
51676
69876
195857
141315
100187
93394
206122
205194
259254
170311
301134
120700
362373
116566
135422
277795
336390
289826
14649
1176
25211
34604
338987
139941
125866
212954
363924
358843
141113
356110
38445
80755
168521
25051
153405
280458
120178
14281
348903
55289
25937
332571
72654
90182
66926
340346
80170
41496
368015
364396
80523
319930
322269
328767
14456
227137
95110
90262
121214
245740
155185
54850
43415
56740
136657
88148
288478
14267
288635
268191
42020
19817
274288
195217
128212
70531
359875
350262
15303
108101
23160
18155
104429
315322
367932
245782
55087
116670
40935
65647
197228
64610
10229
126222
114842
225059
1508
372063
311686
355622
129693
364800
209666
121668
95054
119498
115792
27982
325599
185322
183377
309236
129134
162314
260242
6816
135073
324775
120460
321112
355568
161422
358191
27209
109667
15191
15612
357430
311380
55281
222560
51878
357990
120944
75007
321224
226518
107376
133897
119676
361006
260744
134520
120369
270707
368092
129677
27937
251402
174612
333531
85002
232292
168319
9224
348725
11157
69556
145557
128140
331852
233130
361887
130457
6855
54949
93219
133521
227639
11964
311036
340457
171069
27463
5294
332574
55188
120300
227670
71339
15300
51584
361692
98308
197394
55354
268190
173598
83714
215746
156304
248902
272858
222957
6212
266872
93299
306289
224668
236360
347862
230274
258109
179103
252736
257209
323832
81486
202303
227156
104400
113581
202309
271562
51538
27934
105422
2643
297584
134173
25983
55174
338755
56421
60146
55067
305022
342054
121065
242903
65458
264158
176503
105624
18533
136648
204073
262413
93050
261096
268018
261098
51783
33396
176373
30841
6220
176696
120727
360044
322786
74428
81280
94844
132475
357718
353991
113764
9873
110717
46590
202173
233056
182126
80845
123120
133689
112367
9281
202096
134956
295723
257870
70777
6897
67420
268732
12553
157604
54580
106815
135075
365036
143749
88143
319298
44588
14510
133230
46015
55063
104116
108212
357912
144084
15089
36547
73147
38061
326342
358283
362515
369454
136628
367014
14908
111759
127856
14379
372214
63589
123326
115755
225278
123866
51380
228040
33919
23804
54992
268451
214114
98490
101784
20198
126372
74425
40670
66437
372200
307774
39582
55021
345051
45296
329520
139923
12683
105544
309267
175582
227231
3285
6325
262580
335489
238915
103450
100964
15985
297043
246887
131883
43886
365510
124090
14024
99394
367793
103573
336696
40880
13020
175204
128141
127334
6987
142869
39597
102101
293362
205231
226536
265767
369303
369894
189444
262201
18080
10825
334461
348597
132306
99510
33704
25980
270358
233540
130801
158760
226198
277786
343804
37235
260510
301210
148806
105120
367056
16015
181282
139110
225609
225388
230414
67151
58518
113763
119229
333901
103405
318719
316340
110384
81552
62851
100429
66427
209363
336114
39650
269784
324860
130555
112599
59969
27408
357323
43592
205219
67654
124375
338817
19460
113451
87112
127040
278567
214541
93451
12277
259190
117991
29265
38357
280727
143124
39394
265356
210247
260358
95937
104211
7678
55079
270231
65064
138256
120845
262368
145289
338677
172665
130447
321210
53555
134216
57162
74096
307717
309752
55018
123787
139745
14520
143296
128601
71233
370392
128309
54714
270988
14300
372021
158713
102332
288893
130984
277978
7684
63349
334261
13651
350284
39745
63351
314892
362226
125997
51536
197803
328519
224794
262290
51673
25695
126501
315920
44311
190134
139195
188683
96080
50732
27963
51672
253570
115642
87417
14515
239018
266398
321203
269087
126990
328196
209700
131550
174085
318163
329146
59980
61369
26334
243526
50500
118399
119933
62810
297278
15193
158613
363812
362177
210666
79105
300679
49805
115574
70453
14418
284838
152041
143298
117058
14194
42363
222925
133577
221921
121234
330692
352394
307475
17887
119953
40865
39873
204603
51443
300307
60173
13167
67252
73576
51453
108562
71045
18539
145893
27964
40735
244849
324179
95241
25982
14345
33548
249140
14499
41439
259799
120564
56999
55127
359866
338661
32982
60128
83497
108982
175325
112220
120498
164590
125828
1569
343328
136667
236387
209457
253824
324950
27958
361511
220795
110435
51398
255549
127063
42850
125217
262516
105119
90477
269479
17588
173565
248446
55216
25778
265304
196739
323555
252715
142172
116091
281371
62172
273617
281295
92773
38603
125398
133338
34006
174580
223609
225371
211431
274351
230611
62394
113553
324197
13088
102753
370638
114563
120768
6859
195842
333492
225563
346274
39998
360442
190844
321274
331562
23581
133912
109754
196182
67655
60233
119949
275682
328522
275200
29032
57151
112629
37927
51417
139663
120002
360667
62995
122261
143205
90625
97937
346469
25696
307809
226270
31137
119952
126142
107592
273980
172238
300621
88495
193617
67367
131675
32440
196750
323692
14393
179308
316756
367133
283581
309658
196760
131116
128513
95903
66898
46184
224665
236895
225659
17128
230038
14433
288666
35503
87097
363174
51665
129744
131641
66787
123479
14183
204436
14009
226638
38337
121016
99128
239782
195198
54648
364246
229520
199564
192284
348575
260241
225318
336328
36719
349663
306861
217226
10844
117829
365038
70726
337714
31874
161339
266187
60131
308116
104286
354282
296246
259091
259105
123406
242045
282850
369435
83413
51640
118030
98362
246916
358028
270117
265263
140189
291062
54696
230399
22102
344414
8109
165354
348904
100186
358430
328497
55617
5814
247633
126078
124377
53405
268425
315699
117405
29658
243050
268485
43595
363006
195287
112180
51394
151367
90974
159465
308749
323745
7683
333677
269869
336829
100438
317550
116531
349624
206346
14339
4103
27208
55167
140024
179114
335174
207055
346353
131607
157521
93615
111715
105951
174077
258014
39282
159658
55069
353987
270614
209840
43339
204006
51660
51462
197318
223097
304010
22327
120775
333877
312259
42049
328247
323244
121106
243239
168404
298207
51544
160099
369618
149134
25741
121348
14198
347856
120716
58537
196731
7203
345151
131891
84623
120828
16556
10706
117751
130344
20869
100913
94368
120764
10751
370597
249633
54889
331749
335497
233146
261111
121232
371561
34684
14221
355378
88141
14408
195703
249213
15814
109679
229074
246640
204606
103797
111888
114764
309613
54716
151209
50710
316897
328282
362996
55221
100731
339316
341314
358432
71047
229773
113060
163296
41999
156705
120989
42579
73437
122603
194702
60033
60652
363302
14508
256504
40983
104250
86506
248907
357043
371539
157944
90255
134182
130451
127058
55022
214599
351241
348576
232105
171018
94318
55217
159750
54974
51381
159891
167560
239045
305090
159000
67658
329315
187248
341131
40789
178752
319301
23513
130346
55017
146436
143507
106951
14210
43291
345590
51542
145613
96597
51525
132077
102088
117145
104904
239441
98307
44755
5793
20221
329066
323980
100159
124085
100344
92992
332539
14411
33851
171881
42624
124484
73220
51375
130736
96598
202370
360237
230370
346919
339922
142709
132438
119974
55326
250984
227649
333265
178963
309985
31935
115339
135426
219931
188794
42465
345044
271023
324943
335925
138964
13350
62441
33178
79155
333910
367736
67652
172944
126448
55211
310546
261865
116430
197406
270890
228069
233134
14367
241048
318108
260546
110896
19900
151497
108776
31540
121063
254737
334359
44048
316631
141262
118591
305805
80532
195294
222418
98510
118230
120718
70176
160186
333372
16009
332001
102731
119038
127061
59972
99722
50959
333883
178768
1419
20024
44105
104109
130643
162725
271804
103175
13223
112711
120006
74121
207592
271169
84990
53397
333873
51598
115945
69095
124246
188688
39685
350847
40661
51719
309693
129384
225988
209501
277774
318941
310497
339723
90465
119970
96193
98371
16220
363761
115376
51435
322808
34129
228038
97418
314519
136768
204462
204469
236405
14506
325252
317931
328333
40849
135981
92347
172897
312713
100990
177629
247253
134178
55218
147514
8496
15606
195926
209897
85307
51430
129659
265351
233478
108041
120687
10567
299105
153057
92093
180529
85177
111855
71317
53392
137916
177924
227513
15413
370240
35098
111968
44024
367287
75853
43267
372122
13092
42618
197171
106262
196307
80464
269727
315712
278616
102647
45800
127518
13655
288522
14495
98772
54411
222429
14209
323939
211988
43449
305152
50647
109379
126710
174730
55282
8770
211172
319282
62440
14291
304939
277225
120770
304369
363243
134405
68263
15336
42334
50396
338728
121331
277799
290882
120505
225373
15351
24876
130448
226982
369753
61323
65468
120012
169944
16634
55299
159292
239619
367465
337449
82627
99999
256199
139549
7281
40505
100393
108603
124816
370328
14208
283087
358381
329534
87143
24474
323174
159295
159799
356508
154720
336
34832
108319
328496
354672
275419
43526
152976
85281
258009
249372
51325
31900
112050
315050
105601
45072
172261
328015
54892
96526
42296
117060
121925
51666
138152
123791
176615
308660
310364
197179
328506
118107
71
294185
117564
5578
88410
359296
42003
122938
239023
372086
55016
168136
14471
36340
136318
188592
134861
224774
310117
118157
320783
138186
147243
93167
55179
153244
256340
42840
172355
195848
161358
279247
359539
263439
107430
196766
159968
18078
147604
130588
70927
191505
343609
270930
12081
5409
178374
37830
267230
32367
86854
54896
235310
230552
346419
296513
5794
195802
233156
279782
89281
357804
14154
14416
355838
46630
202233
170589
231382
86922
54690
124277
120757
308310
361643
20011
305378
15528
95167
172349
216938
128093
272896
322848
14332
321413
75880
120744
233419
169147
87080
220469
270144
360189
258413
32118
289532
369996
231268
51415
160826
65436
232660
126774
86373
14514
62182
130632
100421
339271
65077
126736
364407
81066
293397
273472
51681
41441
128132
33747
27701
8472
115874
16449
142738
55277
270275
41829
309475
142567
342767
55083
51721
63057
344689
35102
68729
51448
114760
119225
260573
175194
23115
114649
125807
338659
141076
161194
132570
9258
15076
306055
14413
125827
246995
60044
130559
123659
254985
165096
210244
227980
59368
284416
114913
14468
332572
11041
59835
224831
100485
130557
233139
10860
119978
51625
6922
68347
114981
217000
361429
55145
239797
344643
27948
14436
39601
196005
14497
90560
129476
73918
230981
187305
37351
24625
103878
77142
316412
51626
346514
102148
135638
144636
147986
333109
99198
356931
285852
124659
114780
266240
70684
344262
85185
55157
15977
111487
328510
31172
364955
243013
120732
147898
51440
67363
32347
90215
343440
74106
324677
290766
55176
166433
279133
85095
100722
328501
370790
142613
95085
176159
238892
309411
65910
363086
239346
90876
18715
31498
223476
337763
7192
228064
116108
38211
125656
36523
257100
9227
176247
370789
315855
273275
83690
14086
54898
4240
152297
36685
100374
140310
10263
20345
106683
16584
30582
5293
245742
233126
13861
63700
9409
302590
119958
193978
15120
33363
54870
4592
228125
41694
256304
343997
181215
112226
123353
308260
212860
233168
85135
346383
158261
27435
143024
134866
272407
371319
215203
114309
171682
320598
179870
39486
224945
141917
143606
163858
101075
90466
120078
158306
231555
317754
220221
178621
109752
44956
228484
95017
79691
7814
205415
298949
7680
345480
125708
44512
88138
11309
344247
319234
74521
130438
120752
45995
99791
367141
42055
184654
55302
94132
124973
100319
370359
141107
201792
104453
136639
188621
168374
85034
331561
7363
86710
342754
7950
120734
313754
246569
368660
230042
90877
73722
6287
88692
144986
141906
55028
71109
99603
27742
320054
59225
296214
50817
98096
66219
55251
243545
14246
54877
228846
148354
305264
135125
134673
48878
118348
105484
345585
135891
55086
14286
100161
21197
358379
10218
83578
67117
350992
366785
85011
50668
61789
121089
66224
189070
100534
85027
120766
75731
111316
51572
175523
14330
195202
220375
59997
6005
354679
9229
307319
100359
4711
317995
212602
315875
347792
102769
114766
6221
107822
160713
124470
24483
8583
41405
88146
21415
139675
370866
55410
110952
119976
356725
257514
304055
69498
368494
115813
225955
348005
13324
297862
130435
130416
101171
175912
85370
128306
95436
22603
55092
369807
13457
131844
54927
339039
120698
151065
226627
99824
309485
42837
304468
308344
51457
129661
179227
14472
253292
143299
227893
167323
362281
145193
41431
116968
172751
82618
245347
235371
148251
98771
139789
34308
92770
82612
301552
259040
302855
93151
214454
13258
84696
148053
131269
190093
36348
124374
121213
83582
74426
281400
279825
29142
245021
209728
54989
173477
62920
66845
228712
14273
99866
339827
130449
85525
125329
334388
209399
229105
254996
55208
34222
323533
368095
112195
125284
55294
66178
185185
138265
99639
358433
94339
170359
254875
85134
149788
6548
42005
135385
329680
22164
223047
112315
75803
188063
10924
80813
92761
319047
114880
14525
35225
362370
112210
34985
50401
13611
86231
63514
126723
120753
104427
271397
105398
271876
259070
228221
256024
228067
336437
160803
13357
55031
39696
75140
191013
310293
31828
257294
328528
176497
372043
160032
66855
42634
366812
341095
74087
45841
42022
206961
146652
361513
360834
117545
284134
54815
129630
136640
218507
50693
55119
187698
176553
339500
14421
239722
118726
130622
325079
112280
179418
71051
7285
208302
117125
127598
4157
279130
51541
36235
127487
30599
112995
91524
55212
225759
119957
102612
273271
88574
1504
85296
118598
7262
229508
80450
39743
145567
202716
239785
315704
38204
85695
225743
172593
13979
124146
183261
119991
249562
308675
206946
309207
347266
1506
261094
45929
147717
362099
80849
255941
321114
116747
16704
129037
345811
95057
76309
139043
332029
192667
94269
102237
44035
61586
30689
97604
14494
212779
85043
329144
42082
107231
119234
52663
67656
31021
83317
38327
36748
220485
98460
248249
74152
331660
33862
16846
92580
105847
160178
143393
136246
119959
110089
347210
248898
88142
112714
23102
41746
348568
309539
245579
314900
84219
246249
138094
213717
25633
51822
120777
223105
269955
232495
27957
72669
6175
1465
23476
363836
51623
92494
248354
129480
156938
51651
365068
337907
29118
321125
267356
74128
117562
48848
33330
372258
165681
339753
51668
129239
19425
309173
228864
142903
354682
347822
361110
214677
143300
56546
244505
157489
231590
322652
145428
51594
67223
204605
143528
19136
158058
233157
349082
120005
261223
74636
6260
14318
335986
14325
89776
336862
136643
38151
241958
367427
45661
292041
50130
93039
162848
272023
365021
129666
130453
228903
318410
109327
18513
222168
154378
211184
14398
20042
100337
226056
125945
126671
147087
247562
100678
197564
257738
126525
98447
370974
296405
93113
98738
341403
227314
74103
206129
105947
345131
54852
346416
299623
165683
81229
55072
277810
82623
277859
282177
51614
61063
361498
55156
120349
14407
41925
341227
215257
364658
202308
296442
274903
80852
13277
225124
54692
180302
143233
136647
98412
41997
238933
54878
187354
92359
122057
196375
119798
158723
68654
36951
102794
42808
139806
348952
158825
1721
51383
55076
25477
54909
46512
170617
233739
24890
85257
143398
82594
201959
83512
56507
300590
99918
308630
370415
312280
234301
38235
265880
140112
267164
147067
346294
39030
134083
37951
100730
197155
67651
98512
367464
130556
77066
96487
113868
124002
121235
205943
252330
41998
133852
100726
250579
327937
23144
92351
49485
322025
55117
356788
272097
122883
273319
916
309152
130445
104614
54817
62860
242382
14371
127155
131424
269872
103403
216934
119198
368361
43751
90242
194700
262489
156739
51576
332424
267166
84997
14347
55061
23700
233499
232580
177622
204877
318217
105883
27895
37832
162373
212542
202277
88790
314132
105385
130613
169189
253730
230363
85685
38767
358435
7214
37729
230228
96955
197119
363147
14314
94335
152308
72239
328542
16069
193134
39652
14493
120011
132470
50937
187747
114775
159962
214651
121411
43974
27930
353616
94499
177939
43481
78638
245239
267569
86208
134964
67122
54968
318468
55010
96076
63385
328544
329163
291565
243534
249934
60162
88577
113185
7212
37804
120909
41613
330215
30245
246981
239471
331054
203262
31709
48872
245722
56586
266277
184459
57428
135133
14486
100145
19883
221473
311025
42833
43888
91149
79636
51611
130608
122474
277405
314776
39296
164117
67269
160774
158692
53223
363244
119973
157548
117280
27109
369959
101990
115814
55168
80745
60562
38689
349339
40835
315282
319692
102791
133244
179234
33361
88244
13070
172645
54954
131850
76690
228237
73857
172995
330730
24491
99699
14414
117031
364400
211923
315641
181243
120000
144637
308863
134690
12454
315077
369944
86989
362002
119104
348265
104104
15220
308999
325955
306290
120560
219822
54891
361868
238203
371964
242119
245581
260023
32854
12419
7220
320023
257322
238687
124891
109694
277353
54973
195698
119087
118963
70662
223343
173501
43414
79138
129695
26585
112377
349366
200593
112111
116538
27972
76854
30358
180504
51637
158172
206005
89735
121229
314186
24477
129707
219659
63404
31713
11957
27918
225022
39530
81585
281379
131698
236271
15201
120028
228062
177450
343962
154372
54943
70099
120733
346850
106217
83588
328725
125783
55098
306201
130915
131836
375
122919
330089
112725
229046
256000
249602
333766
65721
358431
70096
3019
137458
98505
325814
218723
76204
51552
73885
360190
328292
299373
328532
196277
39666
316717
116608
361397
55170
159950
14451
43523
243377
134841
92346
73311
152287
150682
316678
85765
7184
58291
54804
142411
6189
66868
358122
308096
120258
92865
5322
31777
263996
103518
251583
111605
75
54928
92095
357836
69964
85279
336520
51546
212631
44161
6629
51444
31608
236752
14437
111010
54998
136645
227385
106739
156418
177403
181013
343949
41248
8552
335739
278872
14278
309036
277465
77232
121479
51418
55242
56545
11969
46488
114560
14391
235557
370325
177150
111688
117583
268750
55139
204808
114902
333291
241304
58274
287924
168611
347527
117249
55051
261535
75254
201752
310329
152278
59890
51824
368955
85629
27519
120726
92358
201744
268192
15831
217119
32271
58346
67690
121237
67114
248924
262494
39764
127439
733
212914
233133
106081
41696
312807
259808
324581
132309
57954
130618
216756
198611
257021
333403
54963
51786
230628
130848
55002
133568
44018
14308
249020
197291
370677
63550
209396
61381
128603
119616
226100
54903
320070
132684
54721
357536
255885
55132
240748
25300
263841
228771
77073
98806
322581
44690
116233
302127
80173
7263
341167
25981
253225
136024
96947
368379
14498
247653
325608
313664
5855
135914
67310
114767
111231
33040
361827
281653
247016
197123
215505
115902
92071
87596
224887
92082
91530
95008
204660
206206
136972
320770
108305
359099
362019
90999
74423
102795
65661
204925
110964
328507
369531
326316
279009
109604
214440
102649
217885
94495
1088
213043
362917
347493
117634
73671
123975
112368
6429
88693
62178
361713
62383
73009
285748
85085
196610
152172
14299
151534
95486
139030
33329
291464
23725
343439
123515
174575
195994
316213
362218
164148
97727
6331
12936
348583
264394
277294
14298
105072
160333
14252
132319
260904
372034
156357
54693
233541
213134
266025
95375
188808
328524
247752
10630
165684
172348
73863
262164
202969
25714
227842
360795
5445
15136
6616
7739
28028
323741
154458
362591
6540
51447
92360
55279
175233
249371
179138
55164
336485
262488
268194
51811
262263
143343
204356
139107
125782
131752
346394
284249
81543
238557
257851
1056
113220
73992
255729
152777
55162
10772
230444
350581
115131
105963
144972
224695
197134
43988
55210
43849
33296
357869
239135
242335
177752
182764
172263
328536
85169
226209
164709
75882
372019
146258
131159
332034
61056
281633
197488
228104
354674
127064
117472
101804
5288
342435
23802
129692
213936
346708
367084
254997
85369
340937
50669
216673
24927
53404
94349
75090
124870
94804
30944
140975
125763
291238
106098
360184
93169
32902
229627
314622
271282
177702
213620
43244
268285
249013
41516
94806
371091
130647
106469
234689
333106
54975
51367
169427
81366
120863
34679
175028
360755
239778
281466
21119
222495
88535
306101
288484
78485
46390
51555
166451
307481
38691
194433
51438
330497
188560
309297
143064
138425
357948
30285
73940
292150
307293
120598
328191
98502
159599
125710
171182
117561
209712
246953
353562
81674
348758
55049
23988
327893
52239
242203
27920
240392
120706
91892
361919
54990
77215
51311
111595
32880
90072
220323
133818
271614
310524
62398
55171
274722
84604
51690
78278
370356
328341
106097
239692
175029
115682
324720
88975
221675
80851
318276
277737
115553
121396
51478
14249
114765
46214
4087
307994
239766
83517
42974
157104
25148
27729
239667
83727
147063
354265
13285
27924
50392
81630
242739
85324
184261
55178
231151
51604
160801
369282
138752
60123
196138
146583
115791
112951
328071
112424
333316
219105
132740
245779
316927
50523
136990
139044
225056
120773
103404
114732
35273
97837
309468
201870
25694
269715
136638
122010
273548
207347
323513
140118
355976
192934
167070
333698
51805
220555
239706
5538
55001
122376
104426
51458
225466
340609
49625
130394
92979
176379
360678
350806
25883
66861
221706
220395
328298
92330
348709
79561
316413
344631
81389
329309
261084
90183
273985
80796
1857
325618
55192
296848
92780
179420
111169
131325
202089
103541
132553
232989
54904
180879
362952
120705
368348
112397
101071
295935
213876
83739
370315
239672
134006
136557
142727
139301
354158
202264
51556
333025
276931
27949
90147
55053
305137
285762
247978
131373
28092
176452
81631
271170
288643
197041
59103
262483
369370
57788
206004
266613
226194
301959
146138
133619
309422
160802
172350
1383
150658
55047
171652
118703
65038
45067
187366
68627
369957
327927
353533
58028
233162
215871
315521
329559
135643
152242
105642
126668
14241
130703
107595
14255
177029
338628
102223
154693
14327
372039
138562
116818
126943
347049
77899
14320
94798
224791
96617
344066
191574
224750
75466
158907
196601
242220
322420
104233
39122
291940
58920
317085
348947
360560
79988
138693
55396
41519
329765
51404
316776
344302
197323
161740
15199
114812
316007
135545
248160
32022
14170
194849
318936
228036
90725
10525
114994
6908
44462
90336
370965
143541
241047
180861
242742
204064
205305
15181
362443
187746
87951
6290
273984
137544
294095
12423
51705
54933
26641
25052
176180
249016
239547
261534
228068
142665
239699
86748
79153
315058
39539
25003
256525
174622
114819
100410
55186
228137
169804
13081
124223
44076
19320
168373
34401
268193
43488
62917
119242
87203
195144
169661
239702
33882
129811
102873
120252
287010
339470
100723
49089
240871
267381
368364
15297
364953
120750
333330
303370
137929
363451
67678
41326
42684
195705
330892
58321
75141
350263
244922
229985
130483
78226
344189
310129
137708
34173
99972
205955
200332
121982
113550
120736
212509
40026
51629
269871
273988
136670
83350
364495
197202
196063
319297
324308
41527
33462
143060
85693
336198
331499
329588
83490
360414
104758
246762
236286
122431
115217
43457
239813
273473
67780
33781
43507
223787
44123
224095
307754
226465
51674
55024
89867
68840
233150
309829
131586
27951
336428
100332
94831
12231
173450
142735
357546
179273
227774
252945
317582
54965
204579
86437
40759
42056
124527
180154
33055
329026
20174
114906
144770
40683
23492
222000
107050
20637
255514
121202
208632
158729
54913
16548
215130
27979
129647
214393
120003
124871
33064
123625
328287
275497
9427
175294
80666
51405
276959
93963
331878
134532
365281
120613
258672
62843
146498
350
334424
119386
51635
116028
110844
278648
145418
126471
36269
127543
178184
117845
368346
293901
100069
298523
19750
55090
58957
14312
332742
267933
214514
183076
132505
357592
88428
139955
361097
43956
136244
137757
119993
347166
158143
126785
56096
132944
348485
262467
141364
353207
311515
123782
208418
45073
259384
51527
344019
27946
227527
330499
275637
83455
114564
273989
173746
344596
803
51605
43210
7682
55172
86888
183823
310223
270526
116749
14409
109810
115812
87381
88945
124060
277808
51595
23873
91678
117040
215931
127568
105100
121112
270194
85144
108993
228021
119182
339891
25056
371626
121224
270602
66821
39824
74081
230723
320724
328180
12258
109067
138235
307772
205236
43028
213567
239565
316270
132735
197334
241834
304372
272639
85718
338880
266193
97968
308135
259374
55142
367189
360865
66404
14280
195788
103094
51569
83491
115487
188107
67326
338320
67383
154435
147564
197199
14652
328734
119986
93591
265749
33641
15212
24883
365009
101335
196826
51441
103972
242630
239693
239701
41878
54994
5175
121226
268437
213631
132246
39880
219838
323136
74120
132155
260208
84895
244597
262498
126439
105085
233164
33317
233463
239769
130655
329584
141964
90470
253540
41828
100573
85716
309175
8447
98972
34383
227664
13888
4967
44365
328351
277792
256668
257866
43954
88316
93142
322565
19439
259316
169877
94117
27926
9875
77821
51578
149327
283999
324366
253326
188662
98736
11036
240396
10841
5672
51577
184425
268433
268747
194343
282121
56704
73766
50491
79570
50852
147239
114702
310678
290708
339918
274628
134382
73540
323418
104837
204686
180049
88822
33972
277557
54901
1194
346704
73958
16190
71415
55177
273432
273987
39065
42989
204197
193706
51694
225754
31037
42923
319323
363756
285956
353177
369465
65320
242455
312792
4625
255928
120738
229322
86462
55518
92507
52258
278383
193686
154362
98360
80848
117413
138957
91974
51627
233160
86193
315480
191563
120384
126619
334653
114236
74056
14485
43402
163841
108323
236587
328713
108626
162504
120001
235815
19307
123875
190618
122973
357522
188452
173778
255716
269029
257109
325897
248935
193403
185730
106751
141267
87053
76205
129223
226009
202529
76284
40869
259076
85684
259803
302950
120765
6194
286483
117623
225966
123276
181112
123241
120406
119956
307233
308436
261418
217833
83566
29104
184396
361019
331901
74153
200065
233384
14351
94489
54910
89748
10666
102727
339122
348400
370707
55055
141823
150818
264008
247025
197653
74850
174743
361920
113591
134834
112496
15372
193606
13242
210797
233152
33783
100472
51659
313979
14429
36335
315721
264009
75468
98767
88947
55140
87125
39019
258424
254995
14703
141013
339347
79205
51587
138317
314019
278082
15010
300503
371911
367722
138365
277783
266371
44569
239013
307561
329577
54873
363188
289435
74661
15113
9860
89792
41432
199034
207277
51376
120759
100302
42011
88067
25259
119241
61446
171077
305299
286385
227533
278930
328280
347811
370339
370374
277729
161693
169907
97415
24581
73927
167825
255944
334813
293718
43562
13325
224306
126460
304935
343797
54876
205450
133862
14492
94092
95808
54688
61041
304371
141503
210842
75296
20143
125661
69049
210248
210043
43001
9284
274485
255823
185286
15433
119983
100164
65286
55059
310873
67425
190455
138074
348638
54858
108589
306267
126530
114316
138564
119862
88144
355879
83555
240225
110849
85076
22151
227501
345323
85165
309707
14399
57596
130220
232688
180899
159749
54582
99931
347865
243517
161829
65198
100579
80
43407
62468
245501
112425
69962
209766
370580
213710
346420
216217
14415
80667
204454
51790
8750
309209
327719
14288
177842
66316
119995
362327
54936
18679
347859
202556
205311
288387
195746
38171
130988
84828
146733
14331
158943
302195
104
242408
138689
188017
112272
114602
43452
338352
55133
136644
70840
314097
133575
18793
198041
109381
226683
178163
258055
9347
127562
87523
92585
84502
70214
194507
17131
209884
86212
55200
81351
9338
214840
99156
114778
346470
17110
83754
60678
209336
119737
259162
103999
163905
182777
174511
304100
214852
55034
94088
42822
20649
87142
10474
51382
54935
54897
116643
32874
162324
119747
90563
26301
81579
372216
51656
147618
19703
73503
117302
15187
124813
25643
1686
328526
192659
355655
270607
56320
14296
34788
79181
86178
109208
25984
363141
173561
104301
295777
228434
207089
51431
9406
18963
40760
60385
68973
370669
132485
296568
113915
43444
272827
277175
341296
10528
103980
103166
96676
182517
114779
51451
290568
55233
33141
217184
331348
38133
227338
14769
365076
105888
10571
63575
85682
230551
110348
110529
367471
15014
151910
271866
371772
368090
352370
96689
240065
356928
319048
316009
360193
46127
338354
64620
335095
219074
70722
294561
85778
225045
245735
148121
88894
35335
285845
206662
160662
207405
7168
187749
299851
100154
319784
325583
360635
84759
307252
202708
119194
216709
259376
215514
333105
368628
39847
204376
260283
39085
55126
334385
10616
280282
344834
83704
337272
234145
65307
10490
260063
1027
240147
90413
228085
259655
7673
6627
31235
163147
75065
35069
353618
91464
73116
23491
141236
51406
117425
70120
151455
137996
318855
240718
1209
15030
257103
246828
318913
202787
245737
328654
176469
288364
50478
342201
42274
64296
48
117213
367513
362139
45074
217831
32076
362204
41919
320430
12679
55197
318581
37395
305933
44295
289704
10778
326540
259129
43374
75282
108720
109870
8567
120975
41759
27977
96667
42602
297363
220303
328761
330776
51664
316415
7001
137245
188800
126447
116623
357622
4701
202507
187368
233481
79258
233465
121170
26666
177501
240079
85667
41507
136488
50713
210086
140549
55143
196196
53373
283772
74476
361226
101085
85297
52924
130458
5791
39304
314784
26547
105758
266190
256058
180720
167255
79891
102342
93161
300421
279952
239077
13472
122884
220013
225304
6315
57153
113733
248851
61042
337495
133703
355208
347777
109677
292426
20007
245110
267341
109068
119981
83286
364796
337548
152057
55082
90212
136489
152289
11342
368664
363932
34737
322508
40616
54864
6820
72926
372201
310996
269486
134961
275251
363190
118019
42418
101525
339505
171070
90377
146416
15032
330389
131634
67653
51551
178620
348423
220091
90586
213192
112344
165080
108865
200562
41443
330390
112334
96045
244795
67781
317756
275545
320545
14244
354335
141115
136611
129675
54890
68972
45031
243639
324511
130621
348459
204497
60436
107091
206885
246042
10239
239154
54956
103141
98030
328537
188586
20045
162073
40602
130455
306653
145988
100354
188866
147044
356945
29154
184164
222638
124363
206989
369783
130417
348901
274378
146825
216219
231456
341815
101526
146200
26719
349162
120708
270932
239823
231465
14738
68317
337484
85683
100757
142400
63483
335949
130644
259805
152243
278339
31997
37492
354342
51562
234826
369827
157735
66907
19347
93981
38672
344760
269332
67858
133061
120754
45028
279525
711
113190
95561
196778
188297
320623
142815
54948
344635
22101
120696
79145
41513
100322
90205
221502
349330
138935
84625
13076
143170
108800
178050
54986
260840
135296
14482
264863
141469
51557
149483
343307
55078
39501
147257
339290
155279
14527
367360
7996
55064
120539
14239
118695
100517
122939
340442
138879
240347
146599
136652
121316
227177
370697
339715
226002
324082
226183
101517
121767
214663
147193
14093
120720
328285
106941
74807
204457
233659
132472
323958
372118
112076
131588
71077
309425
100516
209509
243651
178021
301579
133911
90188
66909
13016
42513
55312
118534
339488
144677
43412
7286
77323
84451
286020
263960
55803
348353
61116
42982
237105
58665
329659
256359
55121
24057
278708
304932
54836
365326
130612
39537
14240
253116
54906
74895
93654
335992
291660
319320
239691
346607
89773
270886
112519
61461
231502
120014
313254
93263
31976
347866
200111
14181
75404
313970
39740
20542
161689
130645
358183
136660
210243
138185
51591
153617
314048
257529
180182
54718
51384
147536
104619
311597
123815
27828
86728
51495
100071
114901
85146
249035
85195
116315
73763
100895
242032
107593
51726
34909
290043
100157
158718
102051
128308
51700
296165
316185
132030
120945
307091
141022
142593
84140
273990
50605
333364
121203
14940
305480
116493
73164
348637
31248
106492
108600
350264
145483
97344
18524
101055
126165
260462
24809
68730
92354
102240
205944
84177
100469
336478
97083
197047
16707
260263
226612
112522
172386
213388
286459
123865
361572
63017
202015
87003
27318
126515
336148
164275
73948
44400
280799
365637
158326
180211
87210
318939
93906
329243
313228
73546
108986
249805
105141
201859
45834
14442
27683
58281
233479
152316
338974
167463
137322
71071
136654
279131
243760
227684
371387
201762
19189
64600
54453
137454
271047
123508
331547
269263
192601
7283
119964
84888
225387
365580
76169
34725
309837
24816
55476
42277
69752
82611
353864
33327
176618
347002
314559
124466
269766
44029
217001
224040
126618
33412
73822
243443
239122
230421
42052
80580
6309
329314
96001
14402
264750
259055
118555
240531
226772
14251
86735
345768
236407
66667
80544
87293
51667
7186
305089
348397
243826
249345
296512
7411
120064
127056
85814
203222
20893
64515
1894
162097
222985
26484
125512
207056
162125
176313
275406
146219
61826
90499
198983
371304
160405
228321
370093
102128
99296
14518
144717
269717
27931
245576
55045
331640
121064
250845
266517
153429
179303
74477
324955
42078
174726
125717
18465
51600
189078
108971
91147
137927
135745
246255
209295
130689
51704
328495
356658
72684
120023
136017
133947
84333
41762
25577
357767
344330
29152
51714
119972
367740
247977
113387
308142
104450
178785
270810
41509
136641
59331
225956
282951
108732
9061
271135
119954
120839
64617
27989
54848
347920
328534
90506
93646
338939
364352
14481
131374
270697
283160
227751
86438
73638
295192
29609
95240
256455
