pk_event_dim
278959
69543
64362
254791
266090
91737
353761
243746
132497
117146
334439
103968
355342
16085
18406
313914
176851
36924
336293
338507
161070
253050
279064
311006
328361
278381
93510
177140
69683
18461
66058
142016
338827
66306
168491
281216
103989
176568
91597
253075
49038
137873
142033
91587
280312
21887
129327
187224
295751
129328
311644
202919
281950
197539
123302
245598
267222
21919
104020
113154
260456
60301
161279
75544
74357
334442
280813
239190
74288
205974
105054
66257
65996
16380
269688
178682
145771
233335
238645
58993
93791
240457
111466
113783
16083
120779
360158
277911
216723
8402
215992
261065
328362
240327
74384
281230
269981
8309
332278
281668
258997
331043
156913
305555
179069
285784
129259
137212
336533
336634
245554
120303
233701
240016
69557
325100
18401
99315
259361
192914
274004
125071
363697
197538
176577
8384
36839
331357
240424
259225
66096
336638
196919
74160
22044
22016
260455
285790
83461
123298
271428
371459
246900
117165
74339
16400
103157
168478
132163
16091
325195
286552
179068
181223
204036
233362
65927
262444
131199
74237
205572
111504
131205
8287
365644
22000
74307
115916
177429
123370
309436
146646
280316
36828
59000
176633
132672
145749
8266
271171
269961
317735
64393
309990
371977
268711
89017
74275
21892
266092
145757
132281
8378
194605
316319
322531
8351
115488
5010
147317
281585
74217
115756
275764
261721
269256
177328
268712
282003
8260
337061
355339
125766
22019
344977
223108
121302
192913
130354
308497
264134
214574
181222
239208
8404
223659
105196
204623
205976
74333
281997
98947
308450
204638
92059
91927
347521
74272
69794
87229
91916
255398
117419
177431
74158
309671
111473
370844
91598
242371
8304
129253
146770
262449
54484
271901
147754
357302
371801
321150
130208
8677
322984
176404
214830
233727
268709
239850
371795
21945
195539
311436
106542
74336
233356
338377
121294
260025
260100
331283
179060
345842
295749
182990
205423
21900
18440
336378
194657
59011
21926
260099
8349
83235
371346
69555
111427
4990
332173
4988
269037
311641
311295
245596
74370
246028
89025
321157
255208
239200
105213
371796
8273
104905
89019
160238
8322
64335
345830
338592
265659
159909
130811
336535
277084
74187
142021
106024
111431
49000
21923
347735
253054
8282
161281
259331
276761
216240
215297
38441
233277
74320
8714
161071
58935
91577
105212
210651
84567
122271
130872
44637
205981
18403
258036
280830
105992
259335
206741
36866
268924
168448
310915
336324
255013
269255
310131
270224
259095
316137
123305
137205
324075
364113
324647
66076
311445
353666
233667
214858
364104
338788
281308
281667
8409
177024
103158
69569
177266
102825
240326
308446
21864
262446
104974
259226
60319
331365
8591
137854
176712
147753
336369
58988
69776
330638
64407
313912
36559
255010
182977
255199
234091
371460
117537
317146
117192
23056
16411
87184
18416
355344
1640
308711
311014
44926
8238
91909
239841
360994
21966
261214
308442
267087
120930
267855
83220
274635
176714
66290
111433
92055
101131
74193
102826
74180
60324
255329
339907
162212
88849
105209
273996
213277
258033
160234
99014
91734
99308
66207
69836
286550
305559
204819
117816
346570
353675
64357
242684
22003
210645
223911
147546
147104
125066
311103
117417
323683
168477
360156
130362
281712
110878
178680
5064
266093
262448
279637
277908
94309
137202
8231
117175
136504
117616
69682
262040
91213
18448
233488
328954
311108
105202
331064
206800
66282
255203
1094
317452
16404
202914
4991
115322
124997
281229
308820
91606
102843
261064
321149
116560
86978
240429
336376
23010
255337
279073
103090
74256
130363
281240
116646
133768
148065
91356
91619
197527
103656
308927
281956
91599
95376
74374
132794
240239
267691
64386
36859
259532
158643
189006
92333
310134
281706
5086
99099
168492
328366
121174
104979
277907
66135
255531
308838
245819
69702
240021
370797
18464
64323
72688
176636
353703
36936
333194
18460
91422
107480
258034
113784
121636
321165
117821
116554
8369
99316
8269
91908
233332
204122
260584
74249
91707
8299
69687
308710
159927
131201
194489
344504
18445
223715
177435
18431
239194
110705
331639
99416
245817
22049
141120
240428
95579
130873
146774
371982
210875
94313
222986
255396
101121
165643
105362
267141
55727
205285
171126
204625
92572
102842
323679
69823
91936
99265
136829
111463
18409
341961
103961
64394
371343
307541
16391
223986
120808
21931
49021
331076
101122
102839
255205
16383
233366
105939
280311
286547
281665
55753
310884
147105
126127
328405
142711
159914
255200
307480
60278
259752
331061
8265
267685
94311
308841
328386
134298
71148
111501
321489
131197
215477
310922
328365
271899
214326
233665
92336
4985
346579
281237
21778
18443
111472
168453
91913
209339
99261
60317
146165
267385
83160
371250
260036
5091
125002
336595
243475
160237
204626
91920
99247
311034
124388
111464
177330
5020
104975
336541
337058
331052
176579
253171
281726
49030
101265
36908
88387
281659
99016
277846
188826
323487
103959
8350
69566
121940
64325
255074
281578
353697
204720
308840
146648
233118
273810
214875
216238
161280
36938
8253
364114
212102
269962
98971
338793
204823
281663
353673
240273
311005
224607
335761
74371
74354
36842
88815
267863
174766
310431
155890
115481
365643
205284
161925
8301
137871
204873
151540
325743
240441
202208
138783
368540
148066
66254
103663
105199
338378
69803
204828
274653
370801
255532
255332
277905
95198
142018
157055
192654
136507
156741
111399
239843
204494
91582
187289
281591
205979
74227
336472
317118
121304
336640
371978
74360
324341
331350
66008
216029
281210
161069
121300
182978
87232
204637
325095
66137
105940
21967
111467
8810
60261
91212
273890
176640
119369
105370
316614
328360
269252
16347
132814
111413
215294
371983
86557
89029
117541
197522
205440
91722
170719
36911
48967
66006
258028
248363
99248
180573
74226
255524
331049
368642
353700
240434
8236
214855
105993
255395
197287
182988
69696
8593
255533
60297
115913
335764
8426
324205
117869
21921
267753
176848
83158
339075
159920
18428
259332
310078
281669
135728
371806
8615
117823
281214
125003
8800
204624
91922
152496
281672
331048
105957
103953
323672
64354
245595
337916
16431
66069
91779
117614
105367
176643
36673
142017
256217
137850
36848
146918
255295
364182
58987
281228
36556
21953
64403
115316
126131
274444
308842
142012
357425
8396
272472
115315
210649
240436
49037
176585
262443
132807
262037
268806
145750
117533
69676
66112
16082
240543
103660
345832
258031
66234
204835
91137
264137
264124
55729
148057
307539
74305
91709
281590
66118
74164
176177
54499
188720
310918
247431
55801
353688
334196
206018
223681
340409
204816
275771
353696
69822
36918
49027
281674
223903
105865
137197
100984
125001
144784
278957
115326
176405
176586
336297
21876
331050
331066
137191
59018
316097
66073
178677
119193
281584
98603
92569
48976
132572
123294
159930
151381
74278
279063
74183
281592
324855
55751
240265
148058
271931
64387
162346
360615
8671
241036
69779
74161
91711
118643
268115
336632
87930
233709
337062
266083
21861
60259
195280
331080
78317
145797
125006
132801
177430
75561
74287
91091
60295
255071
197526
59015
202921
255393
105870
74317
269038
318667
205928
281952
214873
180042
122685
204766
48957
204622
179063
103962
281710
66303
281300
16393
317983
177439
16389
202915
105876
69821
159926
22035
74299
91618
371981
112710
260035
240426
245631
48971
8676
60340
146406
281211
311082
178683
258035
60270
323684
91581
176592
259156
69546
254984
311444
277912
281955
21834
74201
204829
21918
266197
240440
117151
371245
368173
8230
55668
240597
66146
117555
119390
161926
347287
210933
146919
140810
279550
266095
58996
147119
36940
325111
117536
188717
368927
280814
267683
8324
353690
142015
88224
102841
121320
122587
74281
223163
233333
8811
36945
281574
259533
214868
91714
223916
21993
78358
74295
21901
128133
147004
116697
323488
122594
58945
328390
18432
8383
260030
210025
8312
271942
95588
18457
105941
360195
69572
268902
48970
60333
239845
370661
36944
111460
205140
59007
187225
281297
317658
281660
249630
66015
245807
8747
205444
156846
323676
125019
355341
8393
21969
148259
317981
111468
260453
281410
130880
240418
58981
36548
328358
103952
168483
16427
325413
22023
255070
269611
146927
331349
59001
102829
240425
233707
91355
74368
16080
176031
147319
122255
268228
224153
74311
21898
115910
311109
115319
168472
229073
94059
281219
22048
8753
129252
249344
87230
121309
369588
239847
69829
264274
21989
142027
8372
304354
360677
205431
159912
176412
131202
267136
129315
117817
273484
104140
132286
245593
259568
202800
55663
152497
281239
372199
8365
336368
266087
371342
240461
168465
129329
265595
36873
317982
170676
267084
36920
117415
336636
340123
267686
74351
206330
36909
255593
233489
233345
254715
113462
91135
223913
265907
129306
121325
245820
260039
371260
268075
60292
248364
60338
223166
316141
259094
187961
259751
345538
196292
281721
206019
177422
240223
335412
148004
281233
308751
139439
117416
8275
141122
132803
215990
16424
92053
255328
8425
240274
8284
159958
204634
146936
346384
131191
115482
223921
8649
8278
66091
331289
262451
205281
21973
126125
177426
131203
176409
64414
147755
130875
74219
258081
110355
223917
74242
353811
325104
22007
69796
99269
74379
66115
74346
142025
281678
272813
48975
74375
16348
8737
21890
324811
331126
255527
58999
95584
255388
74173
91745
74304
60272
176715
331127
101130
94057
8805
253735
345534
259654
266201
64319
281954
147103
311588
309556
197532
261720
328401
205141
240443
91141
117729
8280
5040
88847
255394
121306
69809
66048
8360
322536
216588
307631
103658
176649
197543
323306
159918
48968
74266
281709
69805
281279
59012
107082
8247
281652
214878
58998
324783
162296
360561
197544
233331
331293
205442
105875
105206
255076
91716
345539
253733
273058
106717
60282
266498
66278
273301
260034
74291
159916
271427
110708
311443
259380
129325
129332
335765
8277
177333
18425
95589
147944
267085
18441
18415
281581
117205
336359
103160
242680
103990
214871
316138
132222
192912
8320
187290
331074
255333
103996
89027
282009
161249
74215
335100
115314
206017
89022
117163
64384
176849
192655
325099
204629
58991
255387
371794
23018
5084
266497
8318
105959
255391
315003
281587
55736
105205
130932
83164
265403
265661
124735
223924
21907
91583
137190
205427
331122
311640
311665
8407
260044
118325
64360
16390
74337
103154
281724
130815
334444
253076
124250
282002
308445
111428
60257
245597
281728
69791
74388
132805
102846
74353
103966
323677
147123
54619
74171
18450
310614
180212
173649
265655
233705
242370
115327
55717
177421
137865
160233
286250
281921
22046
214877
223165
111471
74372
269248
157042
22037
286557
323680
318690
91605
240451
249092
210647
137852
240449
66122
115904
215430
264135
8279
146640
233343
115484
92062
264129
64379
205575
325097
69714
259160
371802
194773
233670
91219
88254
329746
139895
279876
267682
129292
176571
242685
60293
64399
83184
321170
15577
306087
177424
131251
69720
336371
257580
131153
278953
103964
176645
255339
321155
274637
111432
74390
117172
244962
233413
336702
91138
91096
129268
189084
364161
137192
101128
310923
259749
21893
92060
147789
147462
322812
8352
66131
99266
83463
49020
5003
347407
168480
325110
66063
323671
64329
16422
267148
94304
334304
308836
358216
255075
54494
93508
74235
136506
365647
282006
260026
8431
322987
273651
328381
110602
325054
323681
278094
195120
253739
121312
69818
92076
177326
95463
115775
98655
21955
179059
192829
55791
83201
233671
145764
137867
269619
131204
21956
334447
115782
275807
146932
197529
44927
341963
178681
176581
318651
21903
146399
121303
371457
311086
245955
91899
21879
111434
286556
54512
64317
5028
106968
204631
66196
60350
58977
352366
285690
107081
132571
8574
202983
262440
273634
121337
74285
111376
66110
60279
345831
112032
260094
49024
311151
369159
88042
266091
103967
310137
74174
206739
129330
318420
328363
321490
64366
60343
125008
202018
36948
115909
132793
58992
132154
91427
204119
338824
147126
8650
371984
331358
239883
126129
115890
69567
334438
69627
309805
192830
22031
8386
132802
176852
162213
107079
259334
129324
49073
209624
202987
314566
309522
295876
69690
18434
328400
331068
310132
66248
260096
132731
192799
349390
91354
102830
91578
321043
269622
205438
255331
223164
48997
311111
48947
214865
176411
254728
255390
240733
340549
156933
368624
55734
354225
18430
117858
18454
228735
240460
324856
60309
355346
64373
310883
21889
16384
36921
76959
328377
202979
223929
8243
310075
329736
347409
89021
307540
147751
156772
322534
336539
21999
367379
49107
140328
92332
69697
205280
177324
255069
48972
308839
147556
353693
8808
147109
233336
353670
223193
316240
16385
286197
317732
308441
239840
8248
196429
339078
18408
83206
238826
177445
168485
69635
92037
132734
205983
99309
345834
269254
223682
117190
103156
260172
215918
255340
336473
64408
267678
281998
132591
117170
105369
60312
117815
255336
281575
352358
243469
21729
255009
188923
169853
85384
133774
245674
331367
276846
370799
116702
145772
267680
321158
146922
215304
368918
245592
309681
286549
74273
317654
66279
64327
195719
259529
259264
66126
21922
87334
59023
286554
55800
328388
8658
316679
323685
8782
112897
126126
125069
8331
275644
74369
337127
5111
204491
245594
204834
36942
91358
129304
91725
197524
345537
120805
353695
120942
132221
188792
36946
260983
354276
260582
262454
138214
74172
354309
317029
102827
21933
267859
336532
105971
364181
240270
281680
267279
246988
8798
140048
321047
8824
152508
88813
137849
371979
91719
325091
91732
88848
233348
309669
275494
371257
152495
310030
74338
259744
325414
100988
159919
111400
55669
354279
259216
21851
66070
205433
75560
217583
8380
240605
66065
21911
69698
281713
94052
66299
356893
118383
259486
91097
282012
66228
94428
58986
74248
205282
353684
180046
60273
281298
357730
74184
336419
121326
115323
117547
92578
8337
66266
145763
146926
118637
308984
129244
75545
204838
308527
344896
363938
137209
74389
59002
95586
329737
132223
370803
352367
21772
141125
344895
21751
60346
64385
281306
223658
202916
325098
117179
88844
310644
336300
364106
8256
83125
104143
88810
49025
74382
154725
100981
345535
240772
371259
8274
105956
83154
124998
239844
60334
168469
353681
16408
117576
60329
177093
239969
262441
329739
338792
260095
176713
240446
352360
122595
321161
16409
123377
205970
66288
277698
91571
36531
83238
99310
336680
8239
285650
161263
268118
94310
371590
204820
91609
60344
132792
83202
328383
117171
281301
74221
74165
177309
87593
239211
48951
55757
240600
317068
60264
233337
137203
21924
205571
275767
183281
323678
346552
91351
48962
48987
328406
140190
22979
137188
92331
22010
255521
91717
204635
233706
321488
371809
255526
328368
74238
253736
137851
145768
206011
129289
142780
260033
66225
204817
129308
269041
88414
307570
69797
258022
111422
85453
16375
277849
162344
323667
321492
156914
240421
197288
74283
240596
55799
188827
187283
273854
325874
21847
325030
8667
355340
106967
204121
139914
353759
5085
267858
21872
116696
117575
240540
130877
240607
58989
266096
239207
214719
117569
106031
270860
309521
8802
279066
36670
261724
259576
269888
280828
55666
206740
341966
16349
325094
104138
18413
254762
99312
69699
22009
88814
69548
228737
122588
99262
66227
269627
176414
325415
337194
92577
345827
87263
91574
159915
323673
177025
240452
5002
223909
328374
331069
106965
137204
279244
253173
267142
177329
92043
16398
335766
216239
102848
137214
346639
146925
60274
105372
308843
334717
129261
194606
260098
69801
286551
277848
8317
21875
36534
204839
105873
64390
22012
16079
152505
310067
84566
281957
146164
60288
115779
205968
102821
187231
277909
22039
259813
336639
275768
281282
8375
176407
8374
354328
202918
60308
204521
260029
354244
142674
309550
274636
196289
170542
161286
8412
267690
281673
60262
338784
337250
59026
370525
176408
108001
60260
93504
305554
113166
103991
69558
74314
177433
159910
307533
176582
107279
147770
21904
4997
202976
8306
336379
281413
92579
336540
16437
102822
352361
195261
99057
91139
48983
309901
336637
4996
130881
91140
129312
247890
69560
308709
223912
318711
311011
130359
89026
115320
87084
117418
255190
105204
36533
286553
347519
152509
353671
122290
74223
194774
215305
281276
266086
371980
55797
255012
364160
95580
204318
204832
177444
354235
247785
275695
111375
207230
117207
60294
317105
272471
74362
307374
177867
146937
21948
233338
118108
49032
331359
168403
121995
126117
265660
100982
168482
344894
274638
341969
74259
112058
131155
74297
268117
311013
115478
98606
122592
92576
66297
255068
254735
183072
277422
277910
130879
125064
177170
91901
64401
99317
328370
137198
152506
8319
332257
118381
204316
74207
177310
281720
16344
55811
121638
74345
240439
105210
74253
337057
247161
83186
60298
233347
16420
159928
280229
240601
103153
60268
197525
325108
255197
132815
49026
206012
132320
335422
148055
8276
161524
118153
281675
267146
204824
268748
146166
116694
36874
260679
335415
147463
205969
311449
91221
215919
346555
16401
60271
354233
311008
276808
92334
214881
188922
55794
5035
22033
161261
365649
118324
111480
269251
270222
104976
104977
8257
259527
130816
216028
91933
16403
8267
145658
240453
204831
328392
329738
91924
141433
60258
311618
240602
48980
21954
205971
132726
21897
271709
60335
217102
132322
55722
8240
93513
264371
48964
194488
316900
92039
129245
223684
243184
201781
100987
347405
139524
58947
99415
323686
48945
5005
328393
60303
346559
215299
259530
310917
328275
322444
36683
371249
336537
278824
177275
168474
123300
16086
324439
117574
197542
117535
103951
272841
138213
83203
39382
74269
55656
8313
21871
146924
334448
105365
267086
91738
130204
55720
137194
103994
132806
94051
281217
122590
205972
69807
123299
255202
8807
132727
142011
132283
347411
130814
352363
99013
307534
64391
106145
331065
8592
36855
223204
92339
92573
279074
116427
285785
248272
223910
308433
22045
21965
242282
233349
352359
105198
260662
36551
245645
341960
36867
280690
92044
239192
317985
307536
276716
117208
168325
66147
341965
69799
91145
8749
281677
60315
353699
140384
362766
66140
121295
204822
36872
105368
173650
16075
18404
58939
317147
146917
240447
115783
240241
274000
91720
161274
83117
74293
36860
132871
279925
205287
358096
21874
116700
281277
202022
74289
260458
64356
18463
21899
274005
130206
129310
357427
119496
59028
347290
277915
8812
93514
279927
281707
257581
176576
55667
266089
74361
66311
240423
54498
109839
214866
277845
337248
105953
121313
64402
145767
21860
111423
49008
18447
282010
310949
177308
84688
269624
233661
36896
8242
337254
177267
141123
281676
66274
364183
60269
91895
74199
96158
281572
55810
317979
192718
316465
233669
168466
100169
177325
161271
54514
103668
269621
74166
74284
48959
69815
21986
161268
74257
91742
176575
178676
126130
311438
74348
94303
125065
358097
83137
66074
66305
74383
8783
180627
69835
267857
353685
89028
180050
64375
311434
91095
333249
130361
209315
309546
197534
209313
334449
69559
267140
278963
325356
216715
337247
281576
259739
5070
146921
192795
281996
205982
48949
59006
120878
248366
162239
69837
91718
119941
91425
275809
215300
259531
345843
281231
311435
83120
121307
91093
310079
158580
269626
339076
147563
60349
285782
177273
18436
177268
255065
64388
308920
117876
308925
204496
48986
243474
105761
54485
324730
271535
122597
215338
121637
74344
209678
311774
142013
264128
266293
74387
119210
16425
100985
210648
21959
48979
255523
83460
279071
319422
338514
176448
66256
240433
339074
99086
117820
334446
74247
8779
21920
363696
69783
162349
8334
74232
105869
213358
69825
255195
115485
8414
233339
176591
8784
281212
15578
21927
112059
91588
261058
117846
55754
260038
281671
240598
335414
101123
78326
240266
255600
66301
60285
233350
285787
240463
111465
280831
311081
8419
176709
156832
21917
119370
36933
255206
8388
18446
245808
102828
66125
117187
281992
18442
371261
188051
214575
1641
347734
105201
95581
142676
309542
91098
125020
197533
269891
178001
147749
205139
117538
18421
271266
179057
74277
285788
130874
131681
195390
38382
224210
210650
83123
83205
107999
233663
259747
346575
177271
66143
216831
74228
281220
242682
240422
21947
113785
310926
346551
311431
132797
104142
85407
113782
261283
111425
64372
122878
132285
91572
39870
159922
311495
145209
310032
210873
346554
311110
281715
242285
242280
317657
325296
346556
72675
214576
60283
74204
192848
49041
239846
83233
335418
331604
8298
239741
328356
188924
260027
124719
197531
111502
321164
140545
331047
16392
175110
8708
147756
223919
337252
119371
5058
281236
103987
8416
142675
132287
269249
233330
267861
69798
346474
146772
271408
129291
49070
255011
194694
145793
273811
8316
91575
18400
338374
240359
8819
371804
240017
364158
74225
358256
49014
339903
214860
161284
92072
18399
129305
310029
34460
325092
308525
270048
243112
215785
255193
248367
129326
66283
318925
281225
255530
215820
92042
18427
83182
132220
176637
268708
18424
354348
8403
262453
16353
60348
187233
22043
202977
147750
162352
331051
91730
260459
136505
331081
278960
117814
266088
233412
255389
331290
59017
345826
125070
21944
69718
95183
74202
66285
146891
124812
204630
311437
255338
22041
214619
116701
58980
187234
353698
223482
8421
83234
118380
146649
115776
91896
116695
277081
92395
125004
253078
176580
240604
140127
145770
99311
265656
260040
137189
277902
16423
242681
239209
204871
83221
264130
274511
316239
261057
142026
8420
16382
310133
147110
105942
353763
339198
214154
240272
110848
281708
335416
259158
268948
276763
176030
103159
89016
8427
64321
368643
331366
118382
64371
117873
74156
214861
340408
202985
305552
277916
286544
137848
271534
271930
364112
36913
311730
58983
22050
337319
91142
295750
91596
152501
21791
337063
122476
100974
282004
259753
258032
338370
268649
101124
117178
262042
308448
21786
83236
8432
148070
117867
187276
240450
364105
103662
267677
259379
353812
8353
240020
130871
353762
69732
66130
132872
5095
16415
117210
206305
137861
315789
310921
152499
176647
281577
261056
278784
16089
64364
286545
16373
105197
267078
334443
132804
91926
274438
55763
122265
103657
60321
95406
118323
142019
253114
357424
21848
36851
22034
337059
60316
215293
308526
259832
331075
88381
278931
311713
131826
121296
223920
371244
105944
325010
204818
215302
64330
69701
197523
112033
74358
36858
245759
133948
116471
259567
357544
91613
8359
16388
111500
295874
323682
16377
333247
36870
195457
307021
161269
242683
59022
83239
115398
104135
147461
370845
267143
176584
141126
223598
243016
8387
121175
91216
8290
60336
8395
317149
59014
74386
261726
66046
280500
337320
74296
325107
8697
340267
88324
281679
117289
85454
248365
69782
21739
259818
58978
281580
331128
240271
240023
103098
78321
49017
197530
115781
74316
8423
268923
311714
320793
117539
103655
118636
91360
214874
8589
103950
124520
281666
66129
16077
311442
92752
281958
338506
317730
275770
92340
151539
204160
100986
368926
161288
344453
242677
21942
280956
345828
214227
55818
240437
357423
36868
195183
137206
64365
8704
336538
338513
103890
204492
308844
101127
129313
74298
311016
316404
242283
321493
371253
353664
124884
66263
268116
21896
343262
16352
331078
311433
145796
328394
255534
176710
74331
132729
91218
311659
119794
22978
341210
146163
161272
66199
281727
337060
318689
8818
146645
371344
281223
245760
269036
197546
177092
117571
21846
337256
117534
262447
66128
168282
310916
202981
111397
242279
119940
286548
132284
259750
272815
66269
5101
324727
204821
204319
21991
91359
240312
105868
8264
105874
132730
91214
331077
103664
75554
180043
286555
92040
316013
308895
214864
99260
60287
331285
78316
233668
91923
1093
336387
69713
69769
21763
213275
101120
148062
269620
255622
279011
116698
275373
115912
371787
267145
107931
267139
87396
341967
78330
286542
353674
285783
21800
146920
332256
315604
277690
261061
177447
69740
8773
60337
104980
132808
278961
176646
147747
214862
21891
259333
248273
117871
75565
217297
146942
192915
233341
281571
66272
267257
214704
36557
137211
176589
21963
64410
146934
159537
268707
18455
332171
69831
92045
141119
105214
278919
137201
216716
206059
260577
139026
277837
18449
279929
216560
141127
316139
334742
88817
64370
311105
245761
91731
317824
187230
271271
361923
106083
371800
64395
147108
365642
130813
336534
99009
371793
265906
69792
115321
119154
36910
118326
308498
281227
8405
126119
349672
223918
93512
349391
205987
22042
279010
197541
177868
69834
74308
83462
129251
69804
168225
142031
74309
146771
55814
205897
117570
5013
21894
243468
177437
311107
205984
59005
111469
179067
331084
92065
91614
74391
72685
92335
8234
74245
64411
132869
115918
267278
49031
245821
328389
115780
311712
129307
121646
347288
311440
279636
339080
371803
311439
87086
94054
142028
233323
331368
285753
187274
311104
5057
210230
8285
91424
281670
371247
281568
267149
276848
177443
8356
8233
95582
253737
259743
317112
55661
323675
74258
21839
215301
204321
281716
205980
337759
74159
331072
117542
74355
92073
116693
329744
66003
108196
204490
353736
117726
64363
18459
8291
277900
310920
8433
117150
84364
145702
5014
66120
74290
121939
331351
91753
111461
132813
168470
106964
233702
281307
104978
254800
66107
295875
357422
60300
101132
324120
242678
260031
64392
240419
336679
205986
314937
205989
132800
335420
5034
55813
16405
371258
121308
109838
182985
317145
103151
99263
371262
111430
59013
66310
18429
16376
295872
66281
74306
269960
328399
253077
275808
69717
18438
262047
233460
129250
204837
145792
8244
317655
305560
125177
141128
339199
187285
354304
176583
116699
260043
355377
253070
260450
255346
21906
86354
242281
8373
214578
117409
105366
74347
316298
267743
74359
272814
8382
69688
204495
259382
66249
124893
74240
281218
371264
267853
323669
132015
223683
364166
192758
8397
260578
140811
64409
21808
188610
210398
286540
183282
281944
266496
142781
74169
65899
137195
202224
60318
339072
66133
310927
103988
146643
74205
146930
60328
240442
353760
66064
205286
132811
177270
8323
8302
146923
177269
277080
269958
214577
8588
118644
98926
255204
371790
318503
69571
8398
66292
314934
305561
8355
8371
264126
278956
316464
275542
178678
112353
177168
247349
117615
21913
16340
66295
22006
104144
371347
204872
264278
8357
8327
125063
8418
137864
337251
66081
115325
55732
147129
264276
126128
36541
69832
69674
233355
161764
233411
338375
22001
308443
325102
281723
331292
55718
21960
64413
264280
66287
196082
371798
240464
55819
22038
255809
331082
344455
262046
8261
267689
260217
117617
115917
277847
36844
346560
317731
187281
162045
140809
99268
368641
181335
117818
121305
204633
74365
137857
201735
124799
159924
115907
130355
311102
331123
233364
308837
66101
311660
255344
66116
91357
137855
130812
60313
176830
132323
205577
60345
88846
314935
132870
92046
335737
117186
48982
321160
337257
105872
209679
261013
285792
328371
349392
145754
147752
74264
254761
146890
122591
337915
370182
161266
206015
69677
240360
111429
214870
66313
255330
233726
281582
279928
55724
245824
8410
130358
103155
92061
239849
170591
269618
92054
210399
36846
92058
259370
142022
176572
162287
131154
66309
281595
74218
281593
242679
145795
147320
267687
74349
177432
8251
240599
117176
355350
69562
189005
66139
209676
21932
49068
91586
281224
335411
123012
259215
21770
257263
66237
66258
281322
352357
240362
240367
295748
281304
281999
254729
371345
60289
8346
331287
91092
371789
159913
175182
141121
259569
285835
91897
214857
105207
357428
91900
111194
117173
205975
121645
205574
370802
253734
102838
88383
347289
137199
66092
331083
344976
16088
148253
178679
21992
338505
358152
323666
74340
158600
103969
92064
8712
92038
23057
36917
55755
22040
204870
336374
322532
69827
176831
254801
21951
187280
74246
66223
74381
66241
157991
74233
140208
48984
349634
145765
74208
179064
216641
279809
48981
66111
333248
104134
347413
245632
132799
344506
69631
317005
336299
36532
22032
278641
307537
103088
371246
75555
279635
8293
214880
5087
279943
120778
91591
217101
229171
129257
111470
331288
204869
112611
137859
36927
69808
177327
311035
279067
328403
48954
315908
355347
132796
357421
98604
93511
74198
16430
336370
66232
129258
156830
55793
370489
60339
58995
178083
148071
131198
168484
321293
55809
60256
74342
88893
371458
180044
192916
66240
355343
139966
223922
89020
159428
281221
102840
331352
353668
60265
253742
16343
8358
147127
173807
339879
60310
214853
281594
328404
74178
213273
54489
69550
202925
15584
176711
137207
69786
195459
279069
170652
74294
129295
8822
318790
141129
36535
260583
16374
98602
91752
8328
311004
118642
16402
60307
91353
74196
345533
8809
126121
197536
36934
8295
87264
187228
188710
177021
113787
265663
169826
145758
161265
328376
95393
148059
118154
370727
259740
104972
246214
233361
130876
331046
118646
110703
64412
58990
113789
132732
8400
330640
58979
8389
269862
118288
131101
277836
197142
175307
335759
18435
243479
69812
329745
223914
21790
8286
8250
8361
281579
111475
176567
282008
336365
69707
260452
105364
58941
255015
215794
74364
180045
325101
214856
316306
162351
270046
101567
18412
331063
91912
338456
137866
66011
347406
103892
118379
259746
18456
318760
255196
281719
264277
233117
39386
281662
55764
270230
169800
131189
223927
146642
177446
4961
83163
311728
16436
352365
233662
281567
176410
91580
58943
331286
204882
88129
295873
22011
8259
240430
103985
281711
240539
214718
240324
117870
115774
132153
305556
89018
192649
325416
91602
66000
74292
112612
336372
146928
233328
130770
266094
69810
336633
8321
233711
281621
16084
111474
341027
335762
336641
21905
146162
91906
173806
360157
335760
260451
122291
311448
269959
91144
269890
137853
317656
129248
8401
64374
246801
147130
116703
362765
259528
21895
233358
130205
355349
192796
318324
276844
54504
192648
105064
21858
281234
368531
94056
21845
69820
66268
177276
223535
74267
344898
160236
74279
112704
321169
354277
74335
148069
22017
132810
147465
267775
132795
147125
48955
117727
268718
105866
89023
168467
103992
85332
60286
16379
59016
214617
8711
8283
194775
69830
277899
110562
347351
66276
178684
141124
346299
365648
129247
18444
66233
8303
214876
69545
18420
355348
8292
344454
87085
55665
260032
88809
18410
310919
132280
205966
178777
308845
281281
260037
177425
74234
103894
18452
262043
275765
16087
121301
188762
258024
122593
21958
317984
69716
117168
223923
102844
125094
187229
337249
75551
138215
75552
176847
212468
16419
91932
176569
8422
21878
8399
8288
8739
274007
264125
48956
324261
281569
91220
75566
328375
95203
314203
115480
8655
147121
117420
146938
187284
66273
214859
260101
274165
105203
319139
335421
66105
255192
21792
316405
99314
187286
137863
321049
8590
21928
243113
8300
102459
74251
69800
117174
268716
92568
253743
325429
148063
117875
74376
249363
74356
137860
66102
78328
195197
258029
338790
115908
129331
91919
21968
74322
270235
16410
8700
228736
74236
331070
132325
74330
316096
349671
268488
328382
281626
176716
130500
16429
117819
239804
353836
371256
325105
66089
36834
8391
281625
309991
121297
147557
308499
130357
239848
325009
94314
16432
8308
93825
16369
259524
255525
223807
117660
204493
271173
318653
261062
21950
119522
117572
23055
311087
74323
66296
245822
364159
337126
310925
181384
278962
121299
100715
106960
8587
59021
92074
74366
204105
257472
8428
268713
74341
132289
105192
364107
103993
272951
100980
328384
58994
8268
159931
74324
187279
268138
98601
117868
21857
8717
92624
98888
21853
106963
214869
8363
66013
74377
262044
325106
262038
58937
285786
66099
265664
205445
91595
91739
21910
187288
338515
121298
330639
204636
36931
311429
141991
18433
317980
60330
16387
188714
338826
216027
134623
240435
309548
267147
307538
83122
159480
239193
246027
146773
92341
106456
36840
74325
256220
336796
147120
308717
310074
69693
69736
117544
121327
130769
328391
146978
60306
242284
353669
253741
75568
259745
202035
322250
91594
240014
111452
214228
103654
122654
274634
55802
132868
233567
142029
187282
240329
202984
270227
88850
59003
305557
60342
260454
8771
99259
331291
60314
265657
336329
104136
95585
344457
16372
16438
267079
115324
66243
325206
214872
95587
21836
69700
260678
8661
335417
21964
270228
255066
239195
261725
274510
362764
91741
74254
91094
48963
102824
8776
8368
21939
148060
204830
123311
152507
125005
130878
371792
129246
245295
337253
8245
195166
339071
267144
117209
179083
18458
74326
269039
269625
91928
255334
159923
168475
286539
311522
316765
341964
269250
340733
8296
339073
58982
16346
245818
338511
123312
145751
272470
260457
180041
16371
209340
111398
36863
205985
147252
120807
132288
328357
187227
139915
118640
310604
177442
344897
310033
285651
49001
240438
103087
281226
69685
271809
273051
58931
279065
356954
69681
345536
176642
176578
74263
176641
321045
103665
69789
269040
125178
8364
129254
103965
75559
87288
102849
74332
16081
338794
267854
106966
8413
147464
176850
58997
8254
69692
91778
344050
142677
204874
180145
83119
18462
122653
92570
331125
267227
182979
204628
304392
60332
180267
105943
204489
255198
177438
131200
281589
59029
161277
21972
268978
212467
117540
21914
331599
194482
66289
8752
264136
240462
140197
74192
328387
115778
8367
285780
255397
83149
256224
157041
74328
261873
145755
262455
317987
332172
69772
331326
106962
311010
58933
64378
281953
8258
177968
147122
55792
129255
18437
210229
16339
354308
317971
111459
262452
8341
64406
370607
48958
177682
281302
270234
206050
4994
161924
161270
120959
353855
5009
347522
181433
148056
18417
36854
176635
83136
66087
92574
92337
92338
69553
115477
69140
323687
105867
91723
277906
223926
60427
338509
139054
8678
74302
129266
331071
8693
8415
173475
74350
205967
142190
8748
146881
202922
267659
261063
106757
16421
142010
93506
305006
148061
75549
105193
279897
176161
328373
60327
60254
91616
36561
281586
268706
177274
354278
104973
91727
129323
233354
364111
187226
83183
355345
279072
272805
8746
115340
202016
88934
243015
161267
253740
105211
78325
21764
205977
99313
233357
240465
91721
36536
256219
21784
368644
240264
353683
132324
265666
347412
233360
281583
177428
202980
66262
74363
147107
8343
240420
195521
311617
8768
233363
332083
321152
22020
8307
74222
254763
78322
331044
91593
66121
254986
74255
112057
74268
74271
92036
117866
146929
117578
255345
328398
21844
116472
239842
83181
111478
103661
49071
336474
131247
335419
74373
264132
183268
91907
255067
262445
111462
282001
279309
338789
112056
146407
205576
147558
353702
338512
88933
240459
137193
253071
179056
356895
8255
74176
310135
161283
66312
8715
279941
103089
49075
268977
161276
18414
123297
146641
8314
176588
336635
165638
270237
285834
281718
99264
87262
247348
8366
353686
281303
69817
280829
321046
74260
16076
136503
8394
133767
202890
205426
274339
74378
321162
279926
110815
308985
280665
188921
59019
55795
146368
360676
176570
192798
92063
212469
239196
179058
66109
59004
96217
129290
18411
272765
8668
129287
206014
74177
275645
314936
331045
94306
88812
55820
137875
138250
341542
8781
178995
139523
103986
21880
66259
277844
240267
110563
147216
91615
69828
8370
338787
239210
8785
78315
360159
60280
89024
308716
317969
364067
95281
338373
215793
60311
21937
188719
161278
16399
21996
161285
124999
83187
280720
60284
278958
64400
142030
311083
205578
16396
281787
168471
353689
259178
74231
233342
246800
123304
16370
104139
123295
275766
281235
64359
353701
223653
92056
268705
158644
177189
281213
160435
16435
139896
148255
168476
132798
204159
161260
192794
277913
330641
216874
121336
126122
336683
223908
338783
83464
74252
325297
245549
88818
224031
177023
66051
74312
282007
267280
130817
55735
64404
260097
97804
8390
111477
179061
269253
311441
86194
21888
91589
74189
59024
210874
93505
66145
334441
22013
74262
91143
21912
260028
69819
281573
92499
353694
268119
98605
21777
192797
145756
103152
308439
371807
194481
108804
215295
332277
21785
240458
55762
161273
347414
105194
159995
233352
268113
55758
176590
323674
126118
59027
328378
352364
69785
22004
66238
110701
126123
168486
74380
168473
69563
16378
333197
60331
58984
331360
268714
371791
209677
8241
281993
325412
130356
147561
307266
21935
18402
91735
344975
170678
74301
21990
240542
91603
353733
271172
328367
202137
311088
55662
260664
118641
346558
332255
310252
107080
5032
259381
69813
98480
55733
346576
91584
69734
105871
215296
266085
177427
18426
16394
145769
74239
119445
55672
279942
60266
321048
314488
65998
88829
268114
189004
21961
309670
197545
214863
248362
132733
36930
36539
310193
346557
187287
319278
265662
176447
121311
122656
112061
16433
202923
270236
275762
335767
21971
168468
129256
197540
233459
137868
255191
329743
102847
83138
92057
105208
55816
325103
75543
8411
177334
331325
16412
21805
137856
205988
205279
123301
176403
111479
121319
215991
58929
146161
270124
328359
272840
137858
18407
16414
94055
83165
91215
55817
187291
91222
147124
277914
205573
147741
8430
104145
260460
308835
21809
91426
94389
100976
8754
8310
91729
120806
336292
338380
66294
310924
311428
117618
8674
161264
66407
267684
311216
216722
311432
259525
317800
118645
204157
69735
331129
311430
204032
281994
54502
146935
205429
74190
233351
159911
353667
110591
88845
240328
338379
177022
117728
347410
94060
83200
21865
248226
205570
83237
195752
334646
321166
112055
264127
308902
334440
371248
205424
318710
265665
125000
74280
104141
176644
197528
255392
240330
159487
336373
240606
69826
278020
316140
310646
152500
233359
159925
331094
240431
91914
311084
178882
159921
262066
64355
249745
159932
74286
214879
117164
74310
74270
16386
258026
344456
240813
328402
8271
192793
94053
233334
129311
91733
69678
339794
22036
240018
21849
36947
204158
74352
117194
270221
177683
8406
74321
21779
64380
91423
117577
55761
255207
66291
364066
255348
103995
64377
83109
148068
111396
91905
162044
123262
110338
137870
308919
87231
277903
139709
69816
328397
205436
22030
346553
93509
240456
188718
16397
69139
176406
269623
233708
55798
267862
285781
88932
217571
111503
36542
233353
371797
264131
91352
331124
338371
334445
16350
335763
321148
92075
353682
115777
260024
86977
177434
286546
103085
16078
21902
124810
21870
44928
255335
106461
54490
281681
273322
317733
206016
148257
215303
55821
74195
152498
69802
92575
74329
74216
202978
75567
310897
353687
353691
117180
242286
83185
5063
83166
161149
345829
336375
49040
207000
129288
182989
328385
16090
114572
204833
353663
274509
214815
255347
74168
308819
240240
78320
160235
272933
74186
240454
261228
8716
148064
328379
169976
126124
255350
331067
129334
74179
346578
233710
177311
129267
83106
311106
281539
281215
74327
8424
321154
337056
177332
8742
147748
105955
92041
48978
245823
106043
8581
370181
55671
22015
147318
205283
187278
347408
275769
137872
281570
36929
341962
122589
8586
269889
274002
336418
197537
178002
8408
23011
94312
36937
66090
321163
259748
129314
365645
321144
132809
117543
16406
243745
275763
74282
243183
66054
216026
159917
129263
48953
365646
260663
69806
59025
130818
255078
8311
314489
321151
233666
21962
279068
279898
69552
321267
118638
128016
108807
214618
281995
337918
192759
117872
308715
21916
264133
328380
223915
60281
267842
21856
371254
137874
307532
371805
206052
117408
21793
137862
94305
55825
21799
64405
338510
8806
267681
216241
60296
321145
328396
347285
94061
99267
331361
16381
36845
152510
266200
178965
285833
100669
108805
308708
277421
8417
281725
371934
310077
240479
21908
353672
36538
84363
260576
255201
92571
117169
91576
48998
280815
130209
340651
344505
337255
137187
311012
275643
117162
140251
142032
131103
257473
255077
314933
145753
177293
105371
311007
48977
147128
94063
179066
74162
66214
182986
267773
308682
138784
317148
74367
145794
55822
142014
74229
324076
233704
91421
55664
8434
117143
204836
8262
93831
146647
18453
55759
105958
74220
371786
113464
202982
48969
336681
253079
48973
240022
64376
274003
147562
370664
277244
151382
286543
148067
347286
147106
258030
176634
123310
137200
113786
345833
223008
196291
325109
277834
310136
256795
59010
209316
255073
126120
240445
48995
8796
240019
69712
132812
279070
321044
69814
317978
307542
173845
309420
245250
117193
281714
352356
16413
132873
311677
16426
36837
146644
115820
328369
245056
99017
214867
282000
60347
60263
49074
66106
132574
99307
267088
59009
111424
69788
132321
104137
105363
91930
204915
269246
196939
5023
249727
8786
132728
267080
344974
117822
145752
105954
240268
278920
267082
176574
214672
281951
1092
111426
78324
343263
96490
103893
267860
358153
117188
240595
8235
248246
220488
353680
323180
74385
161112
102837
215920
94308
321146
18451
280732
8281
48999
69811
83232
60320
316901
99306
274294
69739
8663
64398
223925
66144
273302
16341
75558
69833
140812
102831
266292
325096
173846
240432
321042
248574
266084
247891
315001
88597
66095
281661
281722
278954
115900
177836
8237
123296
205446
331079
205434
316012
21997
308921
21949
106146
58985
261727
177440
269247
8780
69622
86441
367407
117206
247635
338376
203969
176573
145766
215298
132218
223167
64389
281408
335413
336536
91710
352362
162282
88811
60299
370800
91724
16434
322535
317734
16342
255194
36943
261722
324731
132573
8820
117191
233664
310871
137210
286538
8249
91708
310099
371788
91918
240544
311101
8582
179062
268112
147253
204120
202920
137208
64367
321491
16418
117573
74170
74276
215429
369386
278955
118291
5051
328395
192820
187232
204104
55749
311447
325266
95157
103583
223162
269617
69689
78319
223652
338455
95583
245553
69824
93507
74334
259151
370798
74261
204825
281588
187275
264275
162297
209625
116579
129294
115483
177272
146933
240427
282011
102666
117185
255529
305553
22014
365650
262045
132725
213276
240603
281299
36871
176300
91573
142020
48996
66082
205973
69733
281280
161282
8755
196290
87586
281238
121344
204317
60341
141381
258023
243471
129249
240015
147946
261723
328153
202889
102823
91217
5006
255349
203022
204632
177307
281470
305551
101129
159929
116555
203120
21925
261059
118647
74343
223084
131190
74250
315000
86558
108806
91617
88816
281717
8252
318712
242336
331130
265654
8775
202986
266801
101566
328372
132282
331093
74274
122586
346340
371255
371808
178776
240538
105195
338372
113147
267083
194843
310307
333778
311446
152504
248472
146913
21798
118286
69694
18439
130207
121310
75535
281232
36545
132219
321496
188296
103406
206013
115914
36554
94307
16407
137196
91903
8270
8362
233344
336377
103667
187277
95590
74313
117195
322533
108000
55815
8315
110607
223928
240615
129265
203130
173493
147742
347520
338508
8305
117189
274001
171030
161275
118639
8376
142023
60267
147111
5022
100670
242671
315759
16351
148258
272842
240455
105945
265658
258418
262442
282005
274006
118304
371263
177331
8294
233346
255072
202917
279148
100983
21936
91350
21909
74157
210646
87456
214854
16345
353692
239198
144887
148254
233703
240444
8702
55812
353665
267688
177026
142024
317986
117874
74175
91136
74181
102856
95156
8652
60302
270047
4998
115915
91921
331085
91706
194495
240448
205978
64381
91570
255351
281222
371933
55823
182987
111476
137213
129260
278659
323668
278952
176648
224030
118322
177423
286195
240269
168479
209655
21873
8354
129309
49077
339079
255079
122596
338589
130360
55796
148021
328364
204396
169816
112060
123303
370791
66277
321147
177436
169891
55731
91911
8751
323670
202209
313962
245591
177441
105200
8392
343482
5080
311085
368645
267081
155891
69715
233329
91601
162350
315909
281305
285789
94058
307535
91898
118287
59008
255528
194827
331284
64361
91938
36902
64358
69564
129333
74241
357429
74265
8263
187273
281682
371799
137869
173160
206051
371252
239197
144609
357426
261060
204488
248471
49019
331062
125007
325093
49039
21970
214579
115479
91902
91713
311009
129293
320959
261055
91931
240541
8297
8246
230342
369162
358095
255522
103960
118289
257262
49042
333678
269868
339013
115317
83204
336678
59020
103963
140000
197535
308444
99414
202924
21868
112352
308714
281664
122655
49069
336802
281343
305550
168481
8289
371251
161250
202801
99270
145960
338454
113626
271900
308447
