pk_event_dim
1553
1554
1555
1556
1557
1559
1560
1561
1563
1564
1565
1566
1567
1568
1569
1570
1571
1572
1573
1574
1575
1576
1578
1580
1581
1582
1583
1584
1585
1586
1587
1588
1590
1591
1592
1593
1646
14852
63651
63658
63659
63660
63661
63662
63663
63664
63665
63666
63667
63668
63669
63671
63672
63673
63674
63675
63676
63677
63680
63681
63683
63684
63685
63688
63690
63691
63692
63693
63694
63695
63696
63697
63700
63714
63715
63716
63718
63719
63720
63721
63724
63725
63726
63727
63728
63729
63730
63731
63732
63733
63734
63735
63736
63737
63738
63739
63740
63742
63743
63744
63745
63746
63747
63748
63749
63750
63751
63752
63753
63754
63755
63756
63757
63758
63760
63762
63764
63765
63766
63767
63768
63776
63777
63778
63779
63780
63781
63798
63799
63800
63801
79790
79792
79932
79933
79949
79950
79951
79952
79953
79954
79959
79963
79976
79977
79978
79979
79980
79981
79982
79983
79984
79985
79986
79987
79988
79990
79991
79992
80003
80005
80009
80026
80027
89725
89853
95492
95493
95494
95495
95496
95497
95501
95659
95660
95661
95662
95663
95664
95665
95666
95667
95668
95675
95676
95677
95678
100407
100421
100522
100523
100528
104865
104866
104906
104939
104940
104982
104983
104984
104985
104986
104987
104988
104989
104990
104991
105052
105153
105162
105163
105164
105215
112556
112557
112558
112559
112560
112660
112705
112706
112709
112822
112826
112827
223
224
225
279
280
281
316
331
353
365
366
368
373
374
376
85922
85923
85981
86007
86216
86217
86218
86219
86220
95983
95984
95985
95986
96052
96053
96082
96083
96105
96127
96218
96227
96228
102644
102715
102717
102718
102722
102723
102724
102725
102726
102727
102728
102729
102730
102731
102879
110318
110319
110427
110428
110527
110568
110635
116493
116576
123078
123079
123266
123394
123395
123446
132259
132329
140030
140071
140111
140120
140136
140137
140138
140139
140329
146219
154702
170823
177856
177965
177966
178048
196793
196918
196936
196940
204827
204876
204906
204907
205192
213733
1504
1515
1516
1517
1518
1519
1520
1521
1523
1524
1525
1527
1528
1529
1530
1531
1532
1533
1534
1535
1536
1537
1538
1539
1540
1541
1542
1543
1544
1545
1547
1548
1550
1551
88714
88715
88851
89031
97191
97204
97205
97206
97207
97229
97230
97235
97288
97330
97383
97441
97442
97444
97445
97567
97568
103513
103514
103910
108903
108904
108905
108906
108907
108908
108909
108910
108911
108912
108921
108939
108940
108991
109010
109078
109111
109330
117930
124236
124276
135588
135589
135626
135769
160141
160142
160146
160266
168280
168312
168338
176033
176324
176325
182975
183079
183112
183138
183264
183279
183280
202014
202124
202204
202207
202288
202323
202324
202325
202326
202364
202422
202423
209546
209662
216552
216558
216575
216599
216615
44386
44387
86407
93659
93681
93943
93958
93982
103140
103431
103432
103433
107553
107555
107556
107557
107849
107862
107863
107866
107892
113176
113177
113178
113179
113180
113181
113182
113183
113184
113191
113192
113324
113325
113326
113328
113329
113330
113331
113332
113333
113334
124561
124604
124605
124606
124607
124608
124609
124692
124702
124720
124721
124863
132082
132162
138151
138247
138248
138401
138411
138439
138470
138471
138539
160558
160586
160621
160622
160624
160657
160679
160716
160717
160718
160720
160721
160722
160723
160724
160729
160740
160760
160761
160809
160835
160841
160866
170931
170983
171053
171206
171277
188362
188453
188464
188488
188545
188619
188751
188756
204497
204600
214455
214456
214558
214563
214667
214821
228030
228031
228170
228225
228230
228327
233885
233886
233887
233888
63393
63404
63406
63415
63418
63432
63433
63434
63544
63579
63580
63581
63582
63583
63584
63585
63603
63611
63612
63613
63614
63615
63628
63629
63630
63641
63642
63643
63646
63647
63648
63649
63650
85371
91417
91612
91645
91646
111217
111233
111256
111262
111315
111344
111345
111349
111374
111377
111404
118950
118951
119144
119350
119353
126733
126800
126801
126802
140496
140557
147394
147402
147461
147465
147599
147733
157601
169947
169978
176439
176442
176471
176700
176759
176760
207208
210816
210818
210904
211009
211013
211068
211108
233443
233495
233504
233505
233506
233507
233508
233509
233510
233511
233512
233513
233514
233515
233516
233742
243418
243647
249093
88085
88086
94155
94226
94270
94337
94350
94433
109837
110105
110123
110124
110125
110126
110143
110144
110235
114981
115127
115130
115148
120284
120285
120286
120287
120288
120289
120290
120291
120292
120293
120294
120295
120388
120519
125821
125825
125826
125827
125828
125897
125900
125901
136717
136718
136730
136762
136767
136793
136806
136812
136813
136814
136846
136847
136864
136865
136866
136979
137023
137024
137025
137026
137027
137028
137029
137031
137032
137129
148353
159636
159721
159722
159765
159766
159839
159840
159841
159900
159943
159956
174549
174580
174581
174582
174585
174586
174590
174645
174649
174666
174756
174799
196283
196338
196422
196423
196539
196594
216852
216911
216912
216921
217041
217092
217093
217094
217103
217104
217105
217106
217228
247040
247041
247077
247079
247322
247354
254699
254722
254759
261300
261584
38495
38501
38520
73667
73668
73669
73772
73773
73911
73912
89113
89184
89185
89198
89199
89200
89278
93417
98642
98836
98838
98839
98840
98841
98842
98843
98886
112160
112161
112287
112314
112363
112364
112365
112366
112407
112460
112461
112462
112466
119818
119910
119939
127249
127250
127251
127252
127385
127395
127396
127397
127398
127399
127400
127401
127402
127403
127494
127572
127573
127574
127575
138575
138576
138807
138808
138883
138884
138962
144643
144657
161916
162008
162012
162049
162238
162243
162277
172243
172244
172363
172410
172459
172586
187136
187137
187138
187139
187140
187174
187344
205229
205230
205231
205232
205529
205559
205560
220482
229335
229515
229669
229670
241014
247443
247473
247574
247652
247685
247696
247768
247769
247770
247771
247772
247862
247863
260567
260610
260611
260612
260613
260614
260619
260620
260621
260622
260712
260713
260714
85660
85663
85701
85738
85753
85754
85840
90862
90912
90984
90985
91021
91191
91211
106699
106737
106766
106772
106773
106820
106836
106862
106884
106886
106912
106913
106917
106918
107037
107038
107039
107040
107041
107042
107043
107044
107071
107087
118250
118393
118394
118430
124881
124882
124916
124959
124960
124965
124966
124967
124968
125021
137167
137184
137243
137246
137247
137268
137269
137270
137271
137272
137273
137274
137275
137307
137308
137368
137399
137400
147821
147898
157096
157600
171520
180544
180563
180564
192642
192643
192666
192773
192775
202536
202537
202538
202539
202715
202721
202808
202851
213000
245650
245676
245688
245762
253050
253061
253180
261866
261909
261988
262002
262031
262067
262102
270430
270584
270638
270639
270641
270726
270764
270768
270810
81628
84310
84416
84439
84450
87306
87370
87415
87416
92755
97755
97756
97757
97758
97759
97760
97761
97808
97829
97890
97901
97902
97983
97984
97985
97988
97989
98001
98021
105803
105804
105848
105962
105993
106009
106164
106202
106203
106210
115276
115312
115671
122549
122575
122577
122652
122870
122871
122909
139264
139383
143280
143281
143579
169819
169820
176820
196050
205931
205932
205933
206047
206048
209926
210256
210257
210258
210267
210308
210309
228814
228817
228980
228981
228982
228983
229000
229001
229002
229003
229004
229005
229006
229007
229008
229009
229010
229011
229107
229132
229133
229134
229135
229136
238881
246625
246665
246706
246810
246815
246898
246959
260064
260183
265952
265953
266042
266044
266045
266078
266079
266159
266195
272745
272746
280175
12538
12541
73354
94954
94963
95154
95185
95234
95235
95236
95237
95238
101259
101260
101261
107169
107177
107191
107202
107206
107207
107220
107221
107278
107351
107440
107441
107442
107443
107444
107445
107453
107454
107455
107456
107457
107458
107459
107460
107461
107462
115873
115874
115875
121786
121960
128145
128177
128178
128179
128180
128181
128182
128183
128217
128218
128286
128287
128288
128289
128290
128291
128323
128324
128327
128328
128329
128330
128331
128332
128333
128334
137947
137950
137990
137991
137992
137993
137994
137995
138041
138063
159408
159515
159516
159522
172674
172675
172676
172677
172953
188811
188883
189021
189029
189061
217547
217548
217549
223734
246208
246232
246480
246484
246538
257198
257211
257228
257229
257360
257361
257389
257471
268055
268056
278786
278862
89958
89959
89960
96321
96404
96430
96547
96663
96664
101719
101876
101898
102087
111788
111849
111903
111904
111969
114438
114558
114579
114674
114675
114683
114702
114703
114787
114790
122113
122272
122288
122289
122372
122475
122479
129008
129033
129034
129119
129120
129129
129302
136298
136299
136300
136327
136328
136329
136331
136332
136333
136446
136695
136696
144284
144365
144541
152300
162345
162371
168504
187948
188052
188068
188229
223660
243815
249530
249651
249657
255812
256046
256050
256097
256098
263910
263911
263912
263913
263914
263915
263916
263917
263918
263919
263920
263921
271330
271331
271336
271474
271475
271476
271477
271501
271507
271509
271596
271599
271600
271604
271640
271641
271643
271702
271712
271713
271714
271715
271717
271718
271743
308528
308529
308688
308777
308778
316335
24995
24996
38571
70170
70171
90455
90637
90745
98294
98336
108445
108467
108470
108486
108774
108775
108776
108777
108778
108779
108780
108781
108789
127628
127855
127856
135079
135080
135092
135093
135332
141440
141441
141452
141524
141697
141698
147114
158588
158589
158594
158595
165636
173155
173156
173157
173446
173480
173530
181491
181492
181789
181790
206834
206835
210354
210355
210356
210358
210359
210392
210393
210411
210412
210413
210414
210415
210416
210417
210727
210732
210734
210735
210809
210810
222987
223157
223158
223159
229841
229857
229858
230007
230008
236353
236354
236355
236409
236410
245002
245004
259690
265427
265606
274513
274514
274586
274603
304376
316763
316838
316854
316887
316941
316942
316959
316960
316961
316989
317006
317024
317119
317189
317199
317200
324269
324381
324436
324446
324448
324450
324452
324458
324494
22626
88226
88335
88361
88362
88516
88518
92207
104859
104860
104863
104864
110877
113904
113905
113906
113938
114143
114310
120846
121071
121072
121073
121092
121093
121106
121121
121122
121123
134508
134509
134510
134625
134626
134627
134676
134707
134754
134755
143959
143960
154579
174980
174981
174982
174983
175099
181942
195288
195289
195290
195326
195424
195432
209367
209429
215875
215914
215915
215926
215929
215986
216225
230642
230645
230646
230653
230654
230655
230743
230744
230830
230868
230870
231010
242549
242581
242582
242583
242584
242585
242586
242589
242758
262286
262332
262438
268203
268204
268205
268562
275680
275718
275779
275781
275814
275897
275898
281989
281990
307646
307867
315522
315523
315586
315649
315727
322292
322293
322294
328353
328570
328571
328572
328575
333323
15867
75541
96794
96795
96848
96859
96861
96891
102132
102133
102258
102292
102506
106238
106260
106261
106262
106263
106264
106265
106277
106360
106371
106493
106635
106636
106637
106638
106639
106640
106641
106642
106647
106662
119513
119631
119632
119719
119780
119781
125482
125762
125763
139753
139754
156744
156802
156833
156834
156841
156906
156908
156968
157030
157031
157058
157059
157060
171866
171967
180040
180106
180130
180166
180193
180269
187399
187501
187547
187745
194437
194443
194469
194484
194516
194535
194648
194652
194693
194741
194742
201738
201767
212536
212561
212563
224581
224705
230233
230268
230271
230272
230489
230490
230491
230518
249703
256601
256714
256947
256958
264378
270127
270128
270130
270186
270187
281617
281628
281629
314061
320707
320708
320811
326603
331375
339848
339884
347283
353731
353751
353752
353753
213738
213918
228439
228440
228441
228610
228611
228612
228630
228635
228666
228667
228668
228669
228670
228671
228672
228673
228674
228720
228790
245223
245239
245240
245241
245242
245263
245264
245302
258047
258073
258417
268851
268857
276812
295641
309042
318614
318615
318653
318699
318755
318806
318926
328274
332363
336477
336630
336631
345818
345987
368149
368150
353754
353756
353757
360992
360996
361147
361161
8760
8761
8762
8763
8764
8765
48991
48993
48996
86822
87220
87226
94627
94691
99649
99651
99652
99757
107999
108002
108012
108046
108049
108050
108081
108082
108083
108084
108097
108113
108159
108195
108200
117140
117282
117288
117331
126263
126555
126556
126560
126610
126611
126612
126613
133803
133804
133975
133976
133981
133982
133996
133997
141786
141896
141997
142058
142119
142120
142121
142143
142171
155185
161387
161391
161397
161526
161597
161668
161669
161670
161671
161672
161673
161674
161742
181209
181307
181381
181383
215613
215614
215712
215713
215725
215786
215787
215803
215823
233061
242971
243105
243114
243176
243177
243221
243223
259115
259131
259134
269841
269906
269937
285840
285874
285999
311512
311606
311639
311663
249101
249159
257593
257655
265340
270914
270915
274062
274101
274102
274103
274106
274138
274139
274140
274199
274258
274273
274296
274303
274304
274305
274326
274329
274352
274353
274354
274355
274356
274364
274366
274368
274446
274447
306088
306191
318189
318190
318192
318227
318388
318389
318395
318415
318476
325846
331584
331585
344040
344041
358194
358226
358404
364388
369161
369396
260715
260727
271756
271757
271853
271975
271976
271977
277820
277829
277930
277931
277972
278040
310179
323443
323445
323603
323659
323719
323780
337065
337066
337067
337243
337244
360630
360753
360777
360788
360790
367222
367289
367410
367413
372681
372683
372684
372686
372688
372689
372690
372691
372692
372693
372694
372695
372696
372697
372698
372699
5838
5839
5840
15573
25638
25639
92460
92567
92633
99041
99083
99125
99150
99155
99180
99185
109398
109607
109608
109664
113578
113620
118470
118514
118725
118867
118903
118904
128670
128671
128948
134039
134080
134128
134148
134169
134248
134249
134380
134381
134382
134398
142446
142526
142568
160917
173673
173841
173874
174014
178679
214122
214168
214169
214170
214317
214324
214348
214349
255312
255316
255370
255371
255372
255406
255407
255408
255409
255480
255481
255482
255519
255620
255621
255666
280532
280725
280783
280852
332134
332176
341436
341469
341471
341472
341473
341533
365624
278865
278903
278973
279114
279115
279116
279122
305041
317946
317947
325237
325245
325246
325367
325464
333931
333932
334141
334142
334183
334321
345381
345439
345590
345634
345676
345677
345680
356943
365487
324495
324510
324537
324539
324540
337615
337769
234065
234066
234067
234081
242309
242370
248389
248433
248434
254886
254893
254899
254923
254924
254925
254935
254936
254937
254944
254980
254981
255003
255004
255042
255048
255157
255164
255174
255182
266808
266809
267052
267160
267164
273331
273332
273339
279308
279349
279350
279396
279397
279398
279399
279400
279401
308120
308396
308486
308488
314730
314884
314888
324725
333020
333112
338274
338521
338522
344526
344527
344561
344668
344672
344705
344741
344756
344760
344763
344770
344829
344830
344831
344868
344891
344933
344934
344935
344937
353532
353609
370608
280235
280447
280453
280472
280477
306271
306272
306273
322499
322522
322815
328773
328781
328782
328783
328815
328969
328970
328971
329046
329053
329054
329154
329175
337925
337926
346764
346765
346766
346767
346819
346875
346876
346877
346878
346910
346941
354292
354300
364061
364062
364063
364064
364065
364304
270811
270812
270814
276951
276959
276966
276967
277183
277304
310882
310894
311020
311150
311229
323896
324003
324004
324005
324078
339153
339396
339410
339411
339412
339413
357339
363338
363402
363481
369603
266373
266374
266375
266376
266382
266400
266517
266518
266519
272526
272530
272534
272535
272602
272634
272644
272680
277423
277716
277720
295851
309637
309737
317348
317463
317587
317588
317601
333640
333750
340263
340265
345337
345339
349943
363928
368928
369035
216639
216683
216698
216717
216718
216719
216720
216721
216727
232632
232810
232860
239747
239749
239753
239754
239816
240007
240008
247986
247988
248025
248145
248231
248232
248239
248287
260811
267263
267270
267481
267493
267496
267497
267498
267658
267667
273955
273956
273957
307441
307545
315932
315933
316065
316124
316125
316126
316127
316128
316176
316255
316307
316309
322934
323019
323093
323094
323135
323323
323324
323342
334711
334723
341024
341097
341233
341373
341379
341380
341381
341382
347771
347868
347869
316482
316690
329292
329350
329474
329553
335832
335833
335834
335835
335973
344332
344333
350275
357738
368650
333332
333438
333474
339077
346507
346572
346640
346715
346754
353242
367676
121177
121178
121179
121180
121181
121182
121259
121260
121261
121262
121263
121264
121265
121266
121267
121268
121340
130364
130750
130751
130752
130753
136045
142931
142932
142933
158263
158264
158290
158328
158329
158344
158417
158461
158560
158561
158562
158563
158564
158566
174047
174048
174093
174094
174324
174366
174367
179065
179163
179169
179219
179220
179262
179286
179337
197143
197196
197266
197457
206155
213111
213115
213156
213263
224195
224239
240203
240204
240283
240325
269089
269143
269154
269155
269156
269157
269410
269416
275364
275493
279954
279984
280034
305317
305380
305452
305453
305546
305585
319092
319202
319203
319226
319227
319418
343288
343400
343462
343509
348905
348968
349011
349054
349165
349166
