pk_event_dim
321244
341905
349181
278010
276268
344325
334354
363509
277532
323179
159448
273158
344392
344315
159682
74722
209711
322304
323176
88052
1302
171181
203097
369736
280256
341329
16012
262036
75279
334096
187255
368307
183396
335444
279300
75092
257537
334947
34560
139028
341717
342187
305582
363515
196265
324379
232922
75070
368232
92086
76402
350255
308413
333815
322955
202592
76401
136382
341328
76445
1291
121767
344275
342204
34503
136530
342027
318637
273291
366811
348881
334388
308923
343338
152244
369708
203087
273294
73490
257541
318775
341943
159454
34490
367183
318622
366836
86333
277338
318646
187248
349329
342116
343990
344390
1183
360975
318642
276265
203081
146455
367914
179909
363990
343983
334976
321316
360951
247050
213241
281689
342142
370493
76409
76444
109295
367156
344313
34732
273299
341758
329490
161959
367953
341894
343968
159422
353467
136393
344327
323277
320777
372399
74713
34738
196263
1158
75419
260920
109280
341951
341760
367079
334082
367927
322931
161355
161680
75413
364086
366738
1125
1135
304379
341723
322961
34603
115206
34643
342178
88419
367182
349791
367135
370819
113446
1228
342008
322291
342090
364083
368267
367087
342160
34542
343931
323526
343340
273292
363522
125449
278012
367970
318581
159599
343342
9475
161774
178967
125457
183300
361951
343356
341767
319060
183391
120451
341705
260941
276272
361007
257465
324892
136383
369730
323340
366794
120389
367175
87247
141803
279534
357713
97962
366752
367090
159457
358262
204185
361005
323525
366780
343358
318494
76475
34684
109354
125451
334355
179901
9472
75275
363506
367076
368300
342100
357711
230082
1128
322964
260904
34505
34719
322953
304333
34766
323337
137894
180524
34708
213234
279478
187928
209707
367960
236481
367041
322309
323870
136384
366790
34583
342152
367204
363526
92081
342040
248931
34592
305861
369340
102753
341754
75283
323789
341912
333820
109353
341347
367715
368296
139196
363501
318256
367029
344001
334087
367101
367724
367910
334370
334034
347371
260954
122246
277461
342106
248419
367074
342143
125491
305581
88417
109620
142662
334081
87211
367983
361016
277989
360931
1230
74702
367206
367716
129167
347254
334384
344246
322576
234018
76417
368287
139443
367958
78
367050
76392
136386
334350
277615
98382
210046
360928
318802
342134
34585
323871
253190
324377
361953
346537
214295
323338
277332
168301
367022
34696
368279
367995
136401
1284
277934
346638
180892
334089
367696
74894
1149
1188
366778
366839
334049
142660
342005
363496
279629
371392
159436
257535
368326
358166
76468
159447
159566
277999
196256
109294
344242
369685
145803
1256
371379
348971
238687
74899
361986
358265
75286
273222
159390
334379
341770
318318
63639
358274
341737
215518
366812
246778
273610
281688
346358
172040
74699
305576
343933
321136
334059
361027
318626
75276
342033
34493
320783
361022
342131
368215
342085
370865
34675
318582
256790
102750
230060
273273
215422
367954
305863
277238
203082
367905
277550
203092
334965
120454
369740
109278
210049
102754
281690
343996
341771
368241
358178
145802
323171
367959
344399
361020
92085
318296
1277
331548
34740
279001
322575
350273
346527
216682
216691
257544
136606
318248
159568
323157
321132
139029
138972
97958
161988
367095
342084
323867
305577
358264
232930
367052
342103
350256
279479
172035
335436
334063
213231
367016
139304
34608
369028
122146
136556
146454
246674
79
204162
160336
363518
277363
347377
248940
277397
318604
368247
141806
344012
109535
307270
331515
124844
115146
341782
341904
246639
209798
367218
75439
161734
76438
34714
34733
346536
34689
370781
369702
215967
367719
41776
366754
277341
265320
344261
1162
139300
366764
370873
34765
344279
304325
246780
358163
367167
366831
341888
369749
318289
142658
210289
318313
331517
34621
358171
334039
86320
342136
367203
342199
278886
367042
142663
349326
304332
138584
305846
88059
334349
369021
74723
369692
1105
366763
341884
122144
341766
369023
280456
341872
367985
318293
34769
277235
279533
367047
273279
279298
1281
75287
187727
363995
115143
203897
159577
331541
346686
128797
73486
1165
1133
168295
369711
349904
343972
318497
179916
255501
334068
34500
98381
344304
317544
9436
34745
322484
260935
159574
369700
34629
180522
139309
34627
334043
206707
342102
1112
215415
304384
260884
246718
341797
16015
358177
248200
277612
304312
74732
246725
334978
86332
342045
98259
341941
279467
368243
334054
128216
97931
366849
342209
34726
34556
324372
331503
260963
369751
230074
367976
366813
364088
109271
246648
318639
342006
369339
342177
159388
159458
209699
97918
196259
342123
368259
265316
344398
368313
343350
341716
343919
277229
75432
346691
305840
203091
34654
260906
305851
367982
334353
367124
121950
139220
334943
341718
277225
322311
317556
161736
86339
210269
308693
332132
180500
347251
342141
180499
369019
109504
367130
216545
217020
76433
366772
180518
342186
346372
334372
323877
370888
214003
34516
75411
367125
255508
120966
75422
370980
334390
109359
361051
120450
324890
34557
360971
142666
138610
367975
178968
257505
159423
75424
74474
344255
367991
318284
34549
347253
370881
109290
347375
128321
34716
277344
344400
210276
277394
209791
370874
368257
279463
341935
318279
75288
74904
318623
279475
139310
323163
335443
75084
136600
161737
343924
260951
342001
121953
304316
253192
273215
277359
342172
210043
334067
74725
125466
98104
215707
41774
260889
342124
76399
367036
1309
366732
318583
341331
367071
230079
136387
87245
344268
139219
369725
255898
180525
234013
341997
112081
277357
338445
216842
187738
334382
176185
141794
273613
318741
322925
277335
74733
321311
360957
341755
318252
370829
347390
159435
187242
366791
1156
364081
161895
159389
349236
331522
341764
334959
342041
159392
188647
367209
371391
323269
230081
139442
360946
159391
347386
344251
332131
367962
369691
246723
367070
370830
322926
88053
125454
172055
341937
257496
112082
74734
366770
136380
305854
279484
34761
277527
123139
248710
342189
159471
232927
342019
159576
281687
360965
366758
367936
317550
246773
234017
344309
342200
172044
92082
75281
366781
318317
188651
342165
230073
86321
260882
214310
346534
277364
179912
74888
74704
159449
260887
318603
210280
215706
74715
247060
317562
87215
34753
34515
76431
342003
361984
367158
347383
180514
344033
213304
256789
159562
361961
260924
257516
141792
248414
369026
308924
369032
363520
122132
323459
98281
63421
213230
363991
277232
346890
331493
124837
322483
16011
367107
348890
278161
368265
247053
188065
366760
230080
34528
342161
279003
1252
1098
75272
187262
277611
34514
74708
257574
358167
366721
257503
76449
367215
234011
215423
136598
34517
331558
138637
361011
161930
318493
217028
364089
159469
367170
34537
304320
279485
360947
97932
367923
273602
369679
239601
97954
247070
230065
124300
366731
344303
317549
76382
253199
1299
1285
98377
1109
346922
346690
75412
358284
246726
324887
367099
279480
230056
344011
308246
161663
34486
215425
368213
333798
367171
367132
9437
76469
136394
281778
248418
109450
363517
360974
1292
341786
111169
248722
334963
367065
341865
209686
342087
73489
370787
280263
367174
323331
136602
196253
98710
277383
267815
9444
76390
109362
367711
344299
209698
196269
232950
360922
341765
341753
180513
175848
277897
87246
344005
1130
171186
125446
322930
74712
121855
125455
367157
358161
368276
180161
260918
216646
139039
323123
137912
273214
34628
276267
342176
341719
159564
335440
320781
342148
370494
344256
159697
277458
1286
247066
256662
366826
341340
344248
136381
180509
323167
334033
341746
366730
160370
334084
162273
361034
277525
97923
367138
343926
334433
358176
341793
371378
367921
63656
247058
322924
331484
257513
258465
248703
333804
371390
109284
342037
370823
124845
345476
9441
159691
360567
277607
34529
180512
42414
344278
336360
276273
367707
246791
366768
341883
86328
279387
344277
273607
121780
279531
281734
335430
273226
281770
246656
180494
344029
367932
324884
369718
335428
34682
161993
366827
159700
246727
279624
260896
368212
209727
210288
137908
322739
97926
86348
341918
34693
187213
122236
344016
334070
180486
341798
368211
367176
344397
366846
34658
210039
342175
342015
280255
318641
187250
322376
370833
179904
369694
341348
216840
97938
367119
342132
34697
318288
125444
187924
260843
256053
366805
189046
331559
342205
346533
346923
88051
159548
246777
370824
344007
1262
215827
341736
316472
366784
347257
368223
317558
361004
159589
334967
125458
238618
323175
366722
367969
341727
74705
74724
341949
335446
343967
278079
34639
76458
98261
189039
209710
161664
280262
367961
192611
323929
92083
139385
187929
74883
323869
122130
159552
187923
343936
87242
321135
161932
1305
75425
139194
346526
322968
366800
332130
367028
246692
213237
342032
279461
278000
370658
209797
202608
369336
323275
370904
75436
277239
187243
188642
215418
358175
172036
179910
318609
324368
34722
84446
34574
230078
367967
125460
75278
187728
196260
368219
180159
139205
172043
109492
341939
97941
129530
128801
334982
121770
268051
248417
109276
343339
367163
204171
92087
342022
369741
248420
322736
34677
350265
361021
341713
206793
189068
273227
161679
323523
360935
343934
323927
341744
281684
318244
214299
343948
347372
343982
260905
139200
255033
368251
371383
125511
75426
322948
277524
257567
142665
334071
331519
109298
367189
213305
370822
34687
176180
180477
323298
341890
123143
1111
204163
353459
161217
367033
347331
334085
370816
159550
172042
179951
121952
323879
341952
366743
99158
344003
341879
74701
109530
74896
136389
343940
260908
318246
248415
246662
230068
344264
1114
268126
343973
137900
260886
341800
215958
367706
210290
343989
370495
318634
341867
324888
334953
361968
76416
75442
216684
361048
361064
331560
369701
367188
343985
253191
342127
341801
323873
342167
281742
361975
34502
363996
368269
344240
364078
367152
88491
367992
109296
366847
1096
253196
130891
204186
344010
141797
334078
215428
367718
139387
74731
367907
210279
346371
341929
260881
366766
1258
366762
317560
109432
344238
159561
342198
81545
341745
1310
137976
343941
257572
88062
361990
187737
367195
215512
215954
368336
369754
123142
277360
366735
187732
334990
342191
74700
257463
97924
368224
34690
216693
367933
109282
215705
248413
334077
161740
318742
246691
344312
349388
279477
215952
334951
141796
159659
34623
213238
328623
159444
367129
342207
367108
360943
124418
277346
323128
341327
323273
210272
334985
188639
136369
98256
75263
187238
248942
161729
334366
368255
341870
341877
358275
358261
344276
344037
346532
367944
366843
321314
369735
371384
260938
1124
183393
342196
341885
277348
344262
278081
76389
343986
173365
216696
260961
367979
209659
343944
255029
277898
370871
341351
321318
159394
257539
1161
307276
1268
34741
361009
112088
1104
321133
73488
341784
343977
369732
278158
304315
34527
109506
1295
246792
321300
34506
341910
246650
347332
159586
323341
258455
144641
34489
248944
341942
341355
342171
331551
279630
232796
192613
366808
324371
347382
322372
139197
341740
162268
248777
341860
344017
349702
187734
141787
318319
98284
136596
34660
74879
331491
34488
75277
343925
142667
122148
98262
305579
366753
183394
256784
179908
246699
323178
358278
323335
268485
260903
161985
213511
368308
215704
183392
234032
368248
215955
341998
109288
343999
257568
34561
361994
342197
273609
358282
334053
367155
344234
277342
361039
334386
342159
257501
342151
260910
247063
366844
318649
344253
368238
121946
248775
343955
210271
162270
344266
16013
98280
159583
333824
217024
209784
368233
343347
109300
75082
341898
236484
257543
189048
1231
360976
97939
358172
34707
257565
76460
369747
324891
366801
342181
159451
367077
368305
161984
273276
367942
1269
344396
187254
336443
246645
368271
273605
367906
367971
136372
179948
370860
34760
88497
1103
144634
348984
75083
112087
1163
369719
334031
285809
246659
369739
341751
342018
255034
273600
196255
196252
180901
277236
159386
162017
257504
331506
361024
342086
368302
138966
87448
268052
323872
88492
328622
172054
215968
210056
97944
370898
323129
256783
367103
357301
342104
328628
209656
346528
331530
34498
139468
138969
97967
76398
368272
74850
367712
341712
180894
318629
109538
368289
361964
333823
368264
334393
159470
1097
361049
260957
268047
366751
255892
204167
180520
86323
341323
34577
202594
34724
341322
329479
342089
335447
342117
34494
161934
139297
360972
128320
322373
34630
234012
368217
76384
342193
346544
97921
74906
97917
111172
112047
343343
277530
367996
334969
88065
323993
215973
134293
215421
172038
322966
305862
361003
180503
321308
98097
216687
367980
159565
318501
366728
358174
260930
341769
331533
273290
109621
331500
366797
279482
159681
115209
341864
334051
322928
368312
344388
209731
188061
276264
189050
215966
246638
334040
278157
213303
120449
341954
346548
273283
255897
360769
346692
367083
342000
341919
367081
367977
358271
331555
188701
363527
333831
34564
172053
277362
260892
86322
170836
122096
209786
278006
361052
358276
159701
331539
121741
123137
308252
348894
363514
76432
364093
370643
367726
172045
279631
246776
366842
246640
206794
136396
210040
76441
321313
358170
189067
189069
124840
76414
358277
344395
161741
342190
321301
331554
196257
168302
260956
344252
121944
141789
109529
331524
363507
361054
232805
34755
268421
349668
34571
343946
34609
368318
368282
88510
367981
75067
341707
305458
121858
210050
361008
209697
367075
321310
273277
257538
1198
367086
352382
273208
97966
162016
334389
367089
367044
161838
366733
246774
322482
366739
260947
75428
367162
333816
367139
196251
368323
343916
277392
161992
318608
111164
277396
368220
343954
342150
334971
361065
361042
196258
189049
1113
92078
366725
341732
1134
367164
63422
97920
318312
75435
366807
347378
75434
360978
109285
368325
1253
137901
122021
109510
34487
341720
316471
366723
1312
232931
215961
341748
335448
34604
346899
346683
320779
346535
370815
273282
344023
210275
34638
369746
366741
1117
342194
367708
246653
88058
159677
361976
209720
316951
343922
317561
248930
334376
215960
331485
342031
180508
144633
34685
159461
159554
121862
341706
98098
74898
279535
321317
334358
187258
344025
180523
34510
260888
342025
366793
323866
203896
1273
123138
304313
321131
273211
248721
248938
81470
204424
321243
159695
360937
343923
370891
260927
369460
341777
331550
1121
102749
367113
171415
215971
34767
333817
246643
363502
34656
277991
97937
333813
366859
138583
279469
215520
369683
322563
344036
213240
340122
98252
179953
277356
188067
136604
349074
353113
342081
260952
88495
216692
273598
334984
76405
187735
342034
246775
279321
334380
1145
136400
128322
248716
76385
139224
367815
187927
144639
366756
260885
367928
318774
189054
209703
76466
180496
246655
122129
248409
323169
273288
363528
257542
344314
34731
346681
343991
341345
159704
168289
1296
273275
318580
361006
366785
342185
88499
115210
1173
123134
322737
159786
213996
360949
34756
331521
305850
257495
358160
334058
161962
367034
341913
341887
279299
236477
363513
34531
367131
277606
344034
321312
188650
273280
159462
344323
88416
217025
34546
139228
248713
246693
367989
323461
34653
246675
324370
353460
161942
256782
368275
217023
76454
323334
346365
331543
63459
277237
341908
334052
369033
97927
42505
189042
322927
317547
368216
75418
125462
367219
360940
125456
342114
248934
335427
334956
347379
34647
369677
368252
34606
318636
370876
209719
331534
323878
246770
214303
99157
363512
346539
346857
341861
318496
367956
341738
136388
358179
325870
343929
123132
1122
360930
346688
34485
209714
334975
34595
1227
255498
281694
109503
278011
253195
321319
180896
1148
255894
247051
75273
246697
366757
341726
248704
334343
123131
273284
254747
343935
34676
277526
366856
181264
341921
1202
98712
209800
128798
34752
344002
367700
152241
159442
363503
341336
76395
256055
361982
361025
34749
97950
367947
361044
213308
334099
1251
34735
277996
368338
159443
348897
98096
323272
248712
120992
162271
363874
215953
161931
209685
331478
139221
277366
248708
139296
74887
342138
139444
334954
369742
304380
1229
368237
136385
16007
361041
136601
369707
121943
139218
341926
369744
369737
341788
141798
109281
279466
370877
127550
342107
341893
236479
277353
341874
369693
369601
366852
342211
232924
1136
360942
344406
1275
318628
334988
246658
328621
247067
34519
369752
281759
125463
74876
209704
371394
277358
136373
111170
346895
75289
196267
112083
367039
258457
322306
234034
361037
248714
137909
210058
344310
126562
346538
369684
349735
34586
334385
361979
136390
214297
323874
34688
278073
366823
214302
334086
159706
160333
369695
342203
278066
370835
236486
210291
188638
367137
180487
248412
230057
334968
159573
279481
343988
367105
367950
34541
341773
260928
98253
34521
308244
265317
34632
34544
159581
308251
74727
257497
334966
268048
34562
331514
346888
341749
255031
234026
214304
109366
246785
334961
128796
159468
358260
75274
370818
139391
275372
248717
273614
109286
361997
334061
159385
367929
353462
34665
75268
360568
34664
255035
333836
323522
247065
161218
236483
34497
1257
180890
74706
1290
342210
277350
161219
366822
278069
86352
360936
139299
159569
260953
334986
144632
305859
88493
159453
341858
322375
180899
366815
216689
334041
344269
246644
367179
364095
366840
341785
341354
246789
180515
344271
277523
234029
360927
122245
141793
139202
360941
142661
367092
261943
323276
248247
139216
88489
368301
97965
162019
346687
187249
331509
308250
343353
255887
109368
187251
76455
358266
367946
34548
363525
209725
343995
353112
366776
210059
334047
369716
162274
321303
258464
260958
343976
342094
342004
333800
368314
159683
279476
361967
74714
323521
124833
370894
343355
273225
76459
75081
159446
159467
333801
213310
344317
122235
369672
248407
344318
342137
366821
1120
210042
75076
367816
209723
367109
361015
370868
367038
343346
76420
323278
256791
232928
321302
368221
1100
159563
342099
342118
215510
368316
260917
109534
9438
368334
342139
1160
318606
34545
248411
88509
278076
168294
180491
255485
98387
333821
322574
361058
360964
257533
210044
341337
277531
109441
334093
230070
161987
323271
279472
369728
232926
344289
210273
360981
187930
260895
341799
322970
368286
322521
76419
273620
109429
318273
279470
370786
158607
318491
281691
342113
366782
341955
202713
322954
334949
278067
97951
367146
216686
97974
109489
367212
346891
159580
331561
181271
368321
34748
331562
75291
279532
187252
348887
341776
189066
215701
209688
112085
34613
98707
346364
34575
342110
318489
120998
111167
368298
34712
304331
76381
369720
334080
161661
213311
360977
161221
341901
361061
1282
189045
34530
347370
367140
369734
363993
367053
162018
115145
179842
256058
76413
366848
137904
159456
109447
278085
344015
331542
323158
121942
361959
86343
360671
370813
363493
230064
370896
323876
86341
323124
76439
369709
217022
341725
277992
334987
180493
370892
367035
368235
366749
248393
334069
366838
34737
209709
347256
342145
34616
347387
1154
347384
370895
361983
341795
343997
333799
323164
75417
323172
344407
344263
160347
260893
368331
214309
76396
247062
331547
367978
280454
125453
344321
88057
344389
75073
346363
257508
74481
180485
209693
344260
341917
136603
261941
341772
161662
322742
247446
371381
213999
367916
370859
360921
322972
115141
341936
161937
277233
136398
366820
342202
215959
246722
367085
324885
331492
369031
161989
34727
367136
318739
230077
74897
342105
210057
267816
344281
194492
366819
367987
125465
323133
278964
367957
260939
188054
346602
333834
341920
341750
125464
344311
139201
88505
230055
318502
228151
366816
367938
333805
341342
366828
371382
183388
121951
361046
342010
189053
1294
367031
98254
272633
334352
1151
367710
322481
209695
98379
348350
370870
139389
341714
277518
369724
109275
209783
122022
257566
279301
341933
361029
98389
141800
1123
75441
273289
367045
273286
102758
115147
180507
273616
161938
159600
141790
247052
341325
366818
88064
334050
76435
367110
75093
277333
323524
202606
343971
366858
342042
180510
341856
34635
343964
257506
210281
247447
203093
210041
334981
324367
324369
367703
34495
349328
34705
366779
76476
209729
318499
75098
159425
344410
318315
246695
342011
136375
366833
248701
159551
371242
367116
1270
34662
120991
159709
367695
324378
367078
139222
246716
209726
369714
370842
341803
188062
122176
90741
346689
341783
